start1024
0.015058,
0.015113,
0.017091,
0.015531,
0.017100,
0.018082,
0.017060,
0.017953,
0.017376,
0.016033,
0.015346,
0.011407,
0.011545,
0.011196,
0.011943,
0.017961,
0.015818,
0.017930,
0.016315,
0.011470,
0.011324,
0.011498,
0.011247,
0.011419,
0.011536,
0.017588,
0.012106,
0.011366,
0.011562,
0.018665,
0.011505,
0.011958,
0.015737,
0.018921,
0.017355,
0.018069,
0.011649,
0.011633,
0.011522,
0.017071,
0.014942,
0.014954,
0.017481,
0.011582,
0.011631,
0.012150,
0.018191,
0.011344,
0.020069,
0.011590,
0.011705,
0.011561,
0.011776,
0.017970,
0.011425,
0.018193,
0.018408,
0.011483,
0.011376,
0.011532,
0.011485,
0.017862,
0.011568,
0.017838,
0.011424,
0.017378,
0.011470,
0.019750,
0.020611,
0.017801,
0.018285,
0.016649,
0.011317,
0.011604,
0.011779,
0.015083,
0.011533,
0.015471,
0.016586,
0.015895,
0.011810,
0.011384,
0.011385,
0.011319,
0.018415,
0.011554,
0.020552,
0.017951,
0.011411,
0.011496,
0.011605,
0.011415,
0.011384,
0.011648,
0.011668,
0.011756,
0.011544,
0.011973,
0.017690,
0.011478,
start2048
0.025172,
0.022268,
0.025383,
0.021042,
0.020518,
0.015917,
0.015844,
0.021856,
0.022092,
0.015757,
0.015852,
0.021528,
0.018963,
0.021915,
0.015923,
0.015709,
0.015570,
0.020155,
0.022609,
0.022221,
0.020760,
0.015929,
0.015738,
0.015754,
0.015478,
0.015627,
0.015695,
0.022265,
0.015325,
0.020411,
0.015840,
0.020366,
0.015505,
0.021175,
0.020846,
0.021779,
0.015796,
0.015771,
0.015944,
0.024860,
0.021814,
0.020093,
0.021925,
0.019774,
0.016181,
0.015744,
0.015771,
0.021284,
0.020084,
0.015848,
0.022230,
0.020279,
0.015675,
0.015626,
0.015567,
0.015814,
0.015720,
0.023870,
0.015293,
0.015448,
0.015604,
0.015276,
0.015218,
0.015502,
0.024415,
0.019818,
0.019306,
0.015699,
0.015870,
0.015400,
0.015536,
0.015378,
0.015518,
0.027884,
0.022292,
0.015875,
0.015923,
0.020559,
0.015840,
0.015632,
0.015440,
0.015565,
0.015814,
0.019089,
0.021270,
0.021246,
0.021824,
0.015549,
0.015649,
0.015494,
0.015480,
0.015227,
0.015593,
0.015539,
0.015597,
0.022196,
0.021188,
0.015620,
0.015568,
0.019736,
start3072
0.025926,
0.019530,
0.024321,
0.025906,
0.019759,
0.019478,
0.019563,
0.026954,
0.026183,
0.019913,
0.019607,
0.019774,
0.019183,
0.019342,
0.019316,
0.019469,
0.025499,
0.020128,
0.026151,
0.019893,
0.019323,
0.019321,
0.027210,
0.025105,
0.024991,
0.019658,
0.019380,
0.026926,
0.019885,
0.019408,
0.019473,
0.026128,
0.019812,
0.019958,
0.019569,
0.019742,
0.019456,
0.019486,
0.028162,
0.022800,
0.019728,
0.019881,
0.019634,
0.019524,
0.026692,
0.019571,
0.025821,
0.022897,
0.020093,
0.019410,
0.027941,
0.025520,
0.019726,
0.026302,
0.024851,
0.024624,
0.026677,
0.020119,
0.019754,
0.019383,
0.026639,
0.024767,
0.019647,
0.019486,
0.019428,
0.026236,
0.025821,
0.019749,
0.019750,
0.019661,
0.019511,
0.019500,
0.019564,
0.019378,
0.026907,
0.019642,
0.019755,
0.026089,
0.019550,
0.019481,
0.026448,
0.025758,
0.025951,
0.033439,
0.019959,
0.019724,
0.019893,
0.025902,
0.026062,
0.019881,
0.019746,
0.019865,
0.019585,
0.019754,
0.019745,
0.019756,
0.019632,
0.019724,
0.025057,
0.025730,
start4096
0.031302,
0.034651,
0.027337,
0.034987,
0.033989,
0.027225,
0.032429,
0.033353,
0.034132,
0.027267,
0.035013,
0.033118,
0.033039,
0.035585,
0.027354,
0.027074,
0.026783,
0.034335,
0.033666,
0.027185,
0.027035,
0.032739,
0.032833,
0.026406,
0.030952,
0.027252,
0.033403,
0.034012,
0.027028,
0.026999,
0.026662,
0.032675,
0.026655,
0.032498,
0.032665,
0.026334,
0.032659,
0.032396,
0.027064,
0.033754,
0.027100,
0.033447,
0.027221,
0.032340,
0.027209,
0.031819,
0.032445,
0.030969,
0.033008,
0.033129,
0.026920,
0.026937,
0.035874,
0.031954,
0.028538,
0.034286,
0.030702,
0.035614,
0.033009,
0.034625,
0.034091,
0.027215,
0.027044,
0.026862,
0.027164,
0.034174,
0.032036,
0.031767,
0.034914,
0.027621,
0.033495,
0.032670,
0.027462,
0.032171,
0.032145,
0.027097,
0.033799,
0.034643,
0.027443,
0.032850,
0.032816,
0.034888,
0.027119,
0.033135,
0.033004,
0.033204,
0.027230,
0.032745,
0.035276,
0.032288,
0.026621,
0.026688,
0.026547,
0.033916,
0.026913,
0.033264,
0.027258,
0.033601,
0.033697,
0.027433,
start5120
0.038828,
0.032767,
0.032568,
0.032811,
0.032634,
0.039802,
0.032376,
0.039298,
0.038254,
0.040859,
0.040888,
0.033048,
0.032845,
0.032615,
0.032716,
0.032554,
0.032629,
0.032715,
0.032820,
0.039787,
0.039205,
0.032743,
0.039747,
0.039149,
0.041153,
0.039666,
0.040619,
0.039184,
0.033175,
0.032997,
0.032956,
0.040229,
0.039219,
0.039567,
0.033230,
0.039482,
0.032195,
0.032026,
0.040847,
0.040840,
0.040692,
0.033175,
0.033101,
0.040068,
0.037210,
0.033435,
0.039640,
0.033045,
0.032837,
0.039576,
0.039552,
0.032932,
0.039087,
0.039992,
0.033230,
0.033208,
0.032817,
0.032865,
0.032692,
0.032842,
0.040649,
0.033360,
0.037250,
0.041001,
0.032820,
0.040936,
0.032755,
0.039917,
0.038357,
0.033227,
0.041113,
0.032972,
0.032791,
0.032840,
0.032718,
0.032970,
0.033078,
0.032708,
0.040580,
0.039434,
0.033040,
0.039304,
0.037921,
0.038550,
0.033106,
0.040960,
0.033011,
0.032881,
0.032879,
0.039937,
0.033407,
0.032801,
0.032860,
0.032785,
0.040195,
0.032746,
0.040586,
0.037636,
0.032864,
0.033215,
start6144
0.047873,
0.039850,
0.048419,
0.049054,
0.048783,
0.045406,
0.047744,
0.041215,
0.040892,
0.040997,
0.048599,
0.047048,
0.041167,
0.048215,
0.041225,
0.047169,
0.045078,
0.044809,
0.047274,
0.046697,
0.041146,
0.047759,
0.047913,
0.041082,
0.041335,
0.047117,
0.046932,
0.047709,
0.045626,
0.046744,
0.048851,
0.041317,
0.041274,
0.047478,
0.047537,
0.041660,
0.048409,
0.045495,
0.047460,
0.048958,
0.045600,
0.046692,
0.048147,
0.041482,
0.049098,
0.047360,
0.041594,
0.048002,
0.048003,
0.041556,
0.041248,
0.041332,
0.041086,
0.048828,
0.048273,
0.041157,
0.048546,
0.048617,
0.041442,
0.041134,
0.041079,
0.041225,
0.041150,
0.049101,
0.047056,
0.045957,
0.045230,
0.040633,
0.045426,
0.040983,
0.047988,
0.047560,
0.048139,
0.047550,
0.047853,
0.047775,
0.041759,
0.040617,
0.048592,
0.041336,
0.049035,
0.041144,
0.048375,
0.047998,
0.041397,
0.047401,
0.046768,
0.045849,
0.041367,
0.048914,
0.046057,
0.041065,
0.050384,
0.041160,
0.049048,
0.041348,
0.041184,
0.045996,
0.041299,
0.048776,
start7168
0.057446,
0.050907,
0.050562,
0.058045,
0.057649,
0.050904,
0.057729,
0.056647,
0.051209,
0.050817,
0.055867,
0.057844,
0.050993,
0.056006,
0.055410,
0.057059,
0.058089,
0.057222,
0.058768,
0.051060,
0.057968,
0.058342,
0.051196,
0.051370,
0.051137,
0.056010,
0.056549,
0.051065,
0.056804,
0.057358,
0.050932,
0.057310,
0.050234,
0.058324,
0.058186,
0.051045,
0.057556,
0.057864,
0.055788,
0.057083,
0.054544,
0.055552,
0.056448,
0.056392,
0.055594,
0.058701,
0.051541,
0.050953,
0.051204,
0.051292,
0.056182,
0.057045,
0.051176,
0.051183,
0.050957,
0.050934,
0.057410,
0.049803,
0.058390,
0.050919,
0.050723,
0.051021,
0.051093,
0.057822,
0.051631,
0.050432,
0.050473,
0.050748,
0.050514,
0.050226,
0.058624,
0.056337,
0.056921,
0.051132,
0.051140,
0.051340,
0.051156,
0.058128,
0.057224,
0.051183,
0.050650,
0.057963,
0.059029,
0.058775,
0.051571,
0.057676,
0.054782,
0.056502,
0.049830,
0.049786,
0.049775,
0.049754,
0.056926,
0.058407,
0.051496,
0.058515,
0.058420,
0.057044,
0.056630,
0.058823,
start8192
0.067916,
0.061344,
0.067216,
0.069207,
0.061537,
0.068828,
0.069658,
0.068600,
0.069760,
0.061672,
0.070047,
0.070038,
0.062018,
0.068718,
0.069838,
0.068847,
0.069786,
0.069775,
0.061699,
0.061715,
0.062138,
0.069612,
0.068173,
0.068992,
0.061936,
0.061988,
0.067097,
0.068430,
0.062175,
0.069609,
0.068449,
0.061721,
0.068612,
0.061736,
0.069893,
0.062119,
0.068680,
0.069668,
0.066952,
0.069894,
0.067413,
0.060321,
0.068187,
0.070445,
0.070361,
0.068012,
0.068688,
0.068277,
0.062518,
0.070254,
0.071276,
0.069886,
0.062363,
0.062432,
0.069952,
0.069248,
0.062455,
0.069385,
0.068480,
0.062232,
0.061935,
0.069276,
0.062025,
0.070367,
0.068857,
0.068580,
0.069571,
0.062241,
0.062124,
0.062512,
0.070022,
0.061870,
0.072251,
0.068466,
0.061842,
0.068611,
0.062112,
0.070590,
0.068606,
0.069371,
0.062273,
0.062341,
0.062300,
0.062101,
0.069091,
0.068341,
0.062084,
0.069231,
0.068457,
0.062610,
0.062202,
0.062054,
0.069666,
0.062067,
0.070412,
0.069061,
0.069120,
0.062312,
0.062240,
0.067438,
start9216
0.079999,
0.089021,
0.085222,
0.086478,
0.082041,
0.081791,
0.089550,
0.089504,
0.089495,
0.088995,
0.089706,
0.081351,
0.081762,
0.089721,
0.081546,
0.090618,
0.081786,
0.081589,
0.081702,
0.088848,
0.084998,
0.089998,
0.081006,
0.089857,
0.088693,
0.089432,
0.086116,
0.089169,
0.087605,
0.080601,
0.080656,
0.080957,
0.087214,
0.088374,
0.081787,
0.081105,
0.087572,
0.086146,
0.081815,
0.087077,
0.088824,
0.087992,
0.088156,
0.088818,
0.087331,
0.085379,
0.080638,
0.087681,
0.082225,
0.088551,
0.085678,
0.090464,
0.089206,
0.087929,
0.082072,
0.090377,
0.088990,
0.090762,
0.081703,
0.088948,
0.080276,
0.088525,
0.088918,
0.080760,
0.088452,
0.090616,
0.090188,
0.081575,
0.081212,
0.081218,
0.081856,
0.081091,
0.087174,
0.087385,
0.087485,
0.088663,
0.091190,
0.081509,
0.088118,
0.087332,
0.087203,
0.085441,
0.086740,
0.081127,
0.081232,
0.080568,
0.081265,
0.081049,
0.080930,
0.088944,
0.087876,
0.089742,
0.088023,
0.086892,
0.089419,
0.089437,
0.089545,
0.089542,
0.088955,
0.089068,
start10240
0.102386,
0.097161,
0.103124,
0.103059,
0.097087,
0.105805,
0.105232,
0.105120,
0.104437,
0.105360,
0.100457,
0.106333,
0.106565,
0.104613,
0.105793,
0.105293,
0.096985,
0.105316,
0.097503,
0.097791,
0.106486,
0.106126,
0.097489,
0.105493,
0.100192,
0.104649,
0.105322,
0.106174,
0.098128,
0.103341,
0.105088,
0.104889,
0.105194,
0.098335,
0.104598,
0.105498,
0.097242,
0.104139,
0.104863,
0.097192,
0.104221,
0.103945,
0.097152,
0.104713,
0.103268,
0.104173,
0.102868,
0.103600,
0.104689,
0.104405,
0.096818,
0.097672,
0.097022,
0.096470,
0.104238,
0.097053,
0.096709,
0.096898,
0.104861,
0.105160,
0.103989,
0.096991,
0.109316,
0.104401,
0.098603,
0.097717,
0.098272,
0.097293,
0.096773,
0.104794,
0.096850,
0.103811,
0.097278,
0.107360,
0.103732,
0.097062,
0.097429,
0.102889,
0.105159,
0.105216,
0.104266,
0.106363,
0.103949,
0.102286,
0.097575,
0.096869,
0.104119,
0.105662,
0.105074,
0.101846,
0.106233,
0.097736,
0.102840,
0.104749,
0.106857,
0.101748,
0.104529,
0.101386,
0.094165,
0.104185,
