junktion  n=32768
また､512､1024でA[]ﾄE[]あたいつかう

junktion

start1024
0.032701,0.036755,0.031916,0.030664,0.037791,0.037321,0.035999,0.037733,0.035772,0.035204,0.031032,0.030556,0.030148,0.030914,0.030837,0.030730,0.030992,0.030923,0.030351,0.030375,0.031308,0.030592,0.030885,0.030953,0.030833,0.031048,0.030802,0.031271,0.031372,0.030818,0.031385,0.036789,0.035328,0.037506,0.032507,0.034688,0.035440,0.030987,0.031278,0.034573,0.036280,0.034841,0.035968,0.033051,0.039636,0.030187,0.030967,0.038553,0.033598,0.036490,0.042630,0.031923,0.030915,0.031312,0.030524,0.031681,0.031195,0.031061,0.030704,0.030860,0.031039,0.030952,0.030793,0.030614,0.030922,0.030502,0.038255,0.039390,0.030768,0.031035,0.031054,0.033703,0.035191,0.040639,0.036197,0.035977,0.038115,0.032306,0.035623,0.032330,0.031027,0.030388,0.034170,0.035864,0.030907,0.030786,0.030863,0.037852,0.032486,0.030377,0.030788,0.030378,0.030336,0.030751,0.030798,0.030877,0.036211,0.034465,0.030323,0.030717,
0.069463,0.067575,0.066281,0.061181,0.061323,0.061256,0.061038,0.068411,0.066336,0.065650,0.067156,0.066314,0.061064,0.071095,0.067418,0.067805,0.066570,0.061335,0.066363,0.067580,0.061294,0.065137,0.063284,0.060747,0.066291,0.061014,0.067251,0.060486,0.066227,0.060802,0.075642,0.073028,0.065821,0.061629,0.063464,0.061423,0.060966,0.061198,0.060583,0.060890,0.061183,0.060888,0.060857,0.061181,0.061001,0.061647,0.063184,0.065317,0.061812,0.061570,0.061823,0.061555,0.061619,0.065425,0.066728,0.061588,0.061359,0.068253,0.066770,0.061272,0.067889,0.066815,0.060700,0.061122,0.066826,0.066509,0.060852,0.068062,0.067044,0.060845,0.067001,0.065636,0.061058,0.066473,0.065598,0.060876,0.060905,0.060791,0.065520,0.065892,0.061298,0.061273,0.060955,0.061450,0.066148,0.069077,0.065446,0.066922,0.066839,0.065045,0.067310,0.060125,0.060200,0.060231,0.067426,0.065775,0.067371,0.066394,0.059991,0.060075,
0.107007,0.108180,0.108180,0.108125,0.107037,0.107247,0.108640,0.107635,0.100939,0.100960,0.100940,0.107746,0.109279,0.108364,0.100825,0.100851,0.108283,0.107586,0.105739,0.107945,0.101160,0.108694,0.108204,0.107501,0.108429,0.100670,0.106441,0.108211,0.107132,0.106794,0.107190,0.106689,0.107219,0.100624,0.107342,0.106535,0.108078,0.108016,0.100506,0.100293,0.100777,0.100816,0.108757,0.100033,0.104993,0.107191,0.107399,0.100373,0.107517,0.100743,0.100717,0.108097,0.107171,0.107689,0.108314,0.108235,0.107078,0.108277,0.107106,0.100346,0.107663,0.100130,0.107498,0.106719,0.114340,0.108382,0.108437,0.103379,0.107699,0.108960,0.100467,0.100092,0.110115,0.110230,0.107712,0.108189,0.108019,0.107123,0.108156,0.105110,0.108306,0.100467,0.105608,0.100517,0.108213,0.106195,0.100069,0.100325,0.100472,0.106858,0.107298,0.100596,0.105232,0.107683,0.100100,0.106235,0.102751,0.107665,0.099994,0.107198,
0.161658,0.162486,0.163954,0.162157,0.160077,0.164998,0.162901,0.163923,0.157624,0.163675,0.163532,0.163459,0.163402,0.164025,0.166310,0.162060,0.162344,0.158076,0.162556,0.165307,0.157726,0.164126,0.156652,0.162373,0.157780,0.162518,0.164485,0.165390,0.165446,0.165172,0.157771,0.157561,0.157677,0.157484,0.157784,0.162851,0.163987,0.157036,0.164033,0.164195,0.163422,0.165202,0.164572,0.157452,0.157234,0.163527,0.156997,0.163926,0.156308,0.164098,0.162615,0.163088,0.156867,0.163081,0.156791,0.161193,0.163071,0.164450,0.165352,0.164283,0.161657,0.163052,0.164424,0.159034,0.161485,0.163238,0.161492,0.164245,0.163757,0.163932,0.164654,0.164360,0.163358,0.162469,0.164007,0.164472,0.165495,0.161910,0.162217,0.156613,0.171037,0.163326,0.162659,0.163604,0.156537,0.156464,0.162487,0.163657,0.164346,0.158441,0.162430,0.163692,0.163666,0.156304,0.155943,0.162998,0.163755,0.163004,0.163999,0.156736,
0.206520,0.208149,0.210691,0.210644,0.208994,0.202968,0.207444,0.207775,0.202078,0.210120,0.203816,0.197817,0.197915,0.197839,0.197748,0.197940,0.209578,0.208055,0.207510,0.204674,0.209369,0.203380,0.203363,0.210582,0.202983,0.206524,0.210700,0.203227,0.203315,0.202999,0.202835,0.202758,0.211148,0.210624,0.211586,0.208777,0.209736,0.210008,0.209651,0.209832,0.212275,0.205284,0.210056,0.210008,0.208227,0.211661,0.207464,0.203805,0.210020,0.202526,0.202957,0.202600,0.211125,0.209518,0.202915,0.202512,0.209228,0.211473,0.206958,0.212081,0.209271,0.203306,0.208923,0.210408,0.202451,0.207356,0.202540,0.202287,0.202704,0.210505,0.203736,0.209748,0.210608,0.204330,0.204214,0.204699,0.208769,0.209749,0.210813,0.207719,0.210363,0.210357,0.211665,0.203418,0.208603,0.212022,0.204344,0.210033,0.209297,0.210678,0.209685,0.210697,0.209280,0.209083,0.210668,0.202455,0.211814,0.204154,0.211616,0.207773,
0.272692,0.270792,0.273366,0.271749,0.272705,0.265644,0.272117,0.271630,0.271839,0.264602,0.259909,0.270424,0.272517,0.274682,0.270655,0.274551,0.265724,0.272599,0.271597,0.270970,0.264889,0.273538,0.271751,0.272925,0.266523,0.272746,0.272370,0.269933,0.265593,0.271266,0.271486,0.266326,0.273596,0.266451,0.260480,0.260098,0.260539,0.260471,0.273881,0.273790,0.274390,0.273661,0.265982,0.260820,0.274534,0.271530,0.273168,0.266502,0.260188,0.272349,0.276891,0.275116,0.282637,0.276125,0.274351,0.275189,0.275289,0.276297,0.275914,0.275450,0.275797,0.273720,0.279841,0.275647,0.273899,0.274480,0.275450,0.272953,0.275621,0.274633,0.274811,0.276155,0.272921,0.273566,0.274454,0.274675,0.272756,0.267562,0.277832,0.274214,0.275303,0.275398,0.275804,0.275618,0.276611,0.275285,0.276468,0.275349,0.276792,0.275032,0.277231,0.273921,0.273756,0.275206,0.273935,0.273720,0.276344,0.266178,0.276561,0.272645,
0.344219,0.345151,0.352274,0.347676,0.348085,0.335029,0.346810,0.342977,0.348774,0.334869,0.347507,0.346086,0.344054,0.337772,0.338354,0.338571,0.338573,0.338593,0.346104,0.333669,0.343750,0.344243,0.345882,0.334584,0.343308,0.344334,0.338675,0.338381,0.338698,0.338298,0.338839,0.345003,0.333842,0.328871,0.328607,0.328599,0.347094,0.344528,0.338784,0.346196,0.334750,0.328004,0.347644,0.343725,0.339001,0.338724,0.348162,0.333962,0.347824,0.343720,0.338225,0.346697,0.334733,0.347535,0.344085,0.338556,0.344127,0.335181,0.346395,0.344361,0.346860,0.334969,0.347039,0.344973,0.346574,0.346830,0.334258,0.328632,0.346946,0.344707,0.338308,0.338580,0.345575,0.336413,0.329227,0.348919,0.345674,0.338737,0.345710,0.347807,0.335750,0.347634,0.344981,0.350215,0.335610,0.344268,0.342597,0.346541,0.347078,0.348980,0.349671,0.347408,0.340954,0.341242,0.346896,0.349463,0.341243,0.347772,0.348681,0.341099,
0.413969,0.413077,0.410275,0.404544,0.410010,0.413037,0.410260,0.412983,0.403149,0.404732,0.404314,0.412580,0.411766,0.403534,0.403868,0.402137,0.409609,0.403031,0.409267,0.412710,0.409654,0.408755,0.409562,0.410109,0.412733,0.404013,0.409666,0.411066,0.409376,0.410538,0.411518,0.412316,0.411113,0.409667,0.410186,0.404674,0.403755,0.404096,0.404421,0.404663,0.412045,0.410229,0.404726,0.410692,0.410843,0.411247,0.408448,0.411180,0.412868,0.404332,0.409970,0.410617,0.409745,0.412688,0.406869,0.408153,0.396334,0.390705,0.389984,0.390638,0.390869,0.390987,0.390635,0.390664,0.407699,0.408290,0.409837,0.394078,0.412358,0.408777,0.410601,0.409044,0.407594,0.412517,0.408761,0.405988,0.412212,0.408833,0.406644,0.414717,0.408871,0.414346,0.408660,0.404912,0.404474,0.410039,0.409823,0.413015,0.410025,0.404632,0.404924,0.403913,0.404262,0.404124,0.404328,0.404371,0.404470,0.411937,0.406880,0.402193,
0.482440,0.482591,0.482694,0.481638,0.485215,0.481724,0.481726,0.483572,0.479322,0.473676,0.465671,0.481522,0.472945,0.478019,0.482138,0.476274,0.481949,0.481544,0.473869,0.473977,0.480161,0.479370,0.480447,0.481277,0.482104,0.479141,0.481767,0.481973,0.483103,0.475497,0.475547,0.475421,0.479686,0.481678,0.480667,0.481142,0.478039,0.482323,0.475362,0.481642,0.481507,0.475429,0.475021,0.483245,0.478647,0.478679,0.474906,0.475068,0.474522,0.474265,0.475385,0.483993,0.484288,0.483832,0.478994,0.482024,0.480905,0.481914,0.479984,0.484534,0.482403,0.481793,0.481763,0.474745,0.475308,0.480684,0.480421,0.474260,0.474504,0.465716,0.459241,0.460080,0.459390,0.460002,0.461000,0.459935,0.483014,0.483347,0.479796,0.473472,0.479423,0.466406,0.479638,0.478430,0.474386,0.475711,0.475538,0.485097,0.467276,0.483296,0.469870,0.462558,0.463135,0.462536,0.478624,0.466127,0.481815,0.468752,0.478660,0.480954,
0.569738,0.567812,0.567036,0.564209,0.565641,0.565918,0.565816,0.565689,0.566677,0.565354,0.565944,0.563705,0.564901,0.567970,0.569182,0.566349,0.560107,0.564881,0.551249,0.564652,0.566526,0.565371,0.559116,0.566564,0.561554,0.555602,0.568589,0.564094,0.567502,0.567766,0.566450,0.567667,0.561335,0.562670,0.565377,0.568125,0.568233,0.562159,0.565632,0.567752,0.559159,0.564312,0.564533,0.573135,0.564455,0.565120,0.564267,0.568218,0.567199,0.566396,0.558274,0.559113,0.560857,0.547571,0.562973,0.563090,0.565221,0.560679,0.566607,0.563113,0.563531,0.564251,0.567924,0.563817,0.549137,0.562682,0.563990,0.567142,0.561747,0.564941,0.561281,0.559435,0.563513,0.557553,0.563442,0.562426,0.566162,0.566452,0.564850,0.563542,0.561583,0.564221,0.564534,0.563742,0.563430,0.564221,0.560970,0.567816,0.561658,0.567029,0.565182,0.567041,0.564815,0.564334,0.557142,0.563825,0.563260,0.548383,0.566707,0.565928,


junktion_g
worker 0
start1024
0.279378,0.284489,0.286506,0.284513,0.283336,0.287180,0.282699,0.284830,0.279491,0.286085,0.287978,0.285130,0.287359,0.286990,0.288262,0.283602,0.287491,0.288099,0.285172,0.282813,0.281454,0.288092,0.287788,0.282800,0.280949,0.284808,0.288209,0.286123,0.281770,0.284801,0.283068,0.289060,0.285225,0.289649,0.278673,0.287110,0.282377,0.285054,0.286674,0.287869,0.281779,0.287637,0.284283,0.286256,0.287679,0.287311,0.284835,0.287570,0.287480,0.286899,0.288695,0.285293,0.288471,0.286580,0.286572,0.285816,0.285451,0.286400,0.286919,0.287014,0.285166,0.285659,0.284475,0.286612,0.291484,0.284875,0.286779,0.284363,0.287155,0.281510,0.286106,0.286729,0.281147,0.285852,0.289153,0.287496,0.288041,0.281665,0.289117,0.291398,0.288000,0.289440,0.287877,0.287702,0.287010,0.286788,0.286431,0.282823,0.287257,0.280540,0.286904,0.281495,0.288646,0.281931,0.287975,0.287851,0.285965,0.282559,0.285399,0.289697,
0.317341,0.316492,0.320128,0.318754,0.319292,0.319331,0.314294,0.318118,0.315543,0.317656,0.314103,0.312393,0.321072,0.313697,0.318778,0.311515,0.318380,0.314706,0.320117,0.320228,0.310087,0.313399,0.324778,0.310232,0.319371,0.319535,0.320042,0.318440,0.317427,0.315053,0.319762,0.314813,0.317794,0.314623,0.318957,0.320048,0.320704,0.320997,0.319031,0.321591,0.319883,0.318829,0.318283,0.317430,0.318119,0.320182,0.321510,0.321644,0.312157,0.319616,0.320390,0.321974,0.323186,0.315667,0.319159,0.317678,0.313526,0.318389,0.318927,0.318981,0.322055,0.320566,0.320804,0.320753,0.320983,0.320953,0.319245,0.319057,0.322619,0.319666,0.312771,0.319650,0.321682,0.318035,0.321500,0.319027,0.322850,0.320673,0.319228,0.320502,0.320465,0.318062,0.318051,0.313311,0.318582,0.320857,0.312223,0.321402,0.318674,0.321699,0.320265,0.318569,0.316260,0.318572,0.319075,0.320105,0.320606,0.312485,0.319145,0.317251,
0.348191,0.357171,0.360154,0.359665,0.359164,0.359963,0.361455,0.360098,0.359259,0.348317,0.359526,0.357474,0.358330,0.354781,0.358512,0.351364,0.360223,0.354660,0.358696,0.358839,0.357989,0.358172,0.359754,0.362135,0.358493,0.359404,0.359160,0.358808,0.357502,0.359271,0.359894,0.355628,0.360381,0.354807,0.355374,0.353629,0.358407,0.347013,0.357525,0.351504,0.356395,0.357845,0.356720,0.358942,0.358738,0.358503,0.351117,0.358056,0.360266,0.359949,0.355760,0.359394,0.351959,0.360155,0.355302,0.359275,0.357710,0.360298,0.357311,0.357160,0.355241,0.358570,0.349973,0.358996,0.356763,0.358840,0.355271,0.357597,0.355060,0.357304,0.356972,0.356162,0.350806,0.357305,0.358946,0.350581,0.357616,0.351515,0.358107,0.357588,0.356523,0.355879,0.360403,0.355326,0.355739,0.350016,0.357800,0.346042,0.355565,0.358277,0.356796,0.359005,0.352030,0.349086,0.357147,0.359514,0.358300,0.351828,0.355998,0.351810,
0.413326,0.411394,0.414765,0.411716,0.414598,0.412193,0.412528,0.412864,0.413342,0.412500,0.411838,0.413401,0.411471,0.412656,0.413301,0.411812,0.416254,0.415061,0.409431,0.409606,0.412604,0.411830,0.415377,0.407292,0.413836,0.414322,0.415294,0.413272,0.413832,0.412975,0.412052,0.413638,0.410976,0.408748,0.411364,0.411330,0.415423,0.413209,0.410226,0.414557,0.413442,0.404439,0.414204,0.405887,0.410974,0.414584,0.416210,0.414878,0.413634,0.417185,0.412763,0.410926,0.416357,0.413610,0.410712,0.414475,0.414044,0.414791,0.412819,0.412960,0.413754,0.406420,0.411863,0.414070,0.412522,0.415471,0.415811,0.416611,0.412119,0.415202,0.416485,0.414878,0.407721,0.412253,0.413625,0.421516,0.415541,0.413811,0.414402,0.404184,0.417066,0.412807,0.412434,0.413391,0.404276,0.414851,0.413079,0.413724,0.410833,0.409852,0.412075,0.414428,0.415172,0.412427,0.411039,0.405972,0.414624,0.404135,0.412736,0.407997,
0.460071,0.461311,0.453004,0.461651,0.458977,0.443768,0.457408,0.458786,0.459553,0.457482,0.459794,0.457566,0.456787,0.457866,0.455511,0.461510,0.458692,0.458647,0.461747,0.454839,0.458010,0.458875,0.458140,0.458688,0.460745,0.458355,0.459443,0.459094,0.460539,0.458015,0.457490,0.453467,0.457403,0.461265,0.461497,0.459915,0.458164,0.460660,0.457218,0.463575,0.459297,0.462283,0.461648,0.461437,0.456570,0.461913,0.458396,0.458535,0.462950,0.455719,0.456095,0.455639,0.459152,0.461028,0.457258,0.464529,0.459118,0.460581,0.456318,0.460402,0.461088,0.462780,0.459881,0.460210,0.455829,0.459276,0.460767,0.460576,0.460671,0.459108,0.461829,0.460538,0.462358,0.459193,0.460662,0.462192,0.463038,0.461206,0.460251,0.461011,0.460011,0.457626,0.458593,0.459681,0.458295,0.459904,0.459455,0.458247,0.459935,0.455828,0.464980,0.459081,0.459551,0.459468,0.459679,0.458928,0.452575,0.457491,0.461149,0.453538,
0.518460,0.522359,0.522263,0.519160,0.523024,0.522865,0.519383,0.524117,0.517925,0.523943,0.521459,0.521052,0.520456,0.524541,0.519377,0.522171,0.521408,0.523276,0.521287,0.523052,0.520670,0.517727,0.520177,0.518841,0.523540,0.520906,0.516046,0.523384,0.521678,0.520937,0.521240,0.521760,0.517618,0.520506,0.521128,0.527465,0.518345,0.522545,0.521340,0.521550,0.523127,0.523045,0.522093,0.523426,0.519723,0.521255,0.518709,0.522741,0.521372,0.515092,0.524808,0.518896,0.519607,0.518265,0.521833,0.521883,0.519421,0.521218,0.523451,0.521591,0.519920,0.522340,0.519051,0.521099,0.518958,0.522133,0.520494,0.522138,0.517124,0.520478,0.521408,0.519128,0.523757,0.524127,0.519017,0.522985,0.520311,0.523364,0.518142,0.518479,0.520913,0.518349,0.522794,0.522786,0.537376,0.532225,0.531786,0.606419,0.541175,0.532117,0.532100,0.531659,0.530628,0.527489,0.531562,0.526367,0.526639,0.537509,0.517774,0.520512,
0.604710,0.593610,0.601607,0.597358,0.599678,0.599595,0.602250,0.598818,0.601896,0.597950,0.599943,0.598711,0.600759,0.595810,0.583962,0.597826,0.598300,0.597509,0.596840,0.594902,0.597011,0.612168,0.605964,0.593796,0.595863,0.594164,0.598561,0.599502,0.600661,0.596379,0.599009,0.599026,0.599639,0.594874,0.594187,0.598274,0.597683,0.592199,0.598719,0.597655,0.596257,0.598154,0.593344,0.593827,0.595110,0.597494,0.597241,0.599024,0.594403,0.598770,0.594171,0.595259,0.579946,0.596330,0.596407,0.600015,0.577042,0.597068,0.593872,0.595540,0.599271,0.599671,0.594601,0.593473,0.594761,0.585580,0.592192,0.596753,0.597617,0.583855,0.591061,0.600946,0.594898,0.596093,0.597093,0.594363,0.582460,0.601484,0.599242,0.599159,0.599117,0.596330,0.594962,0.599017,0.592014,0.594819,0.592635,0.593376,0.591743,0.594699,0.596199,0.581109,0.596047,0.597950,0.597578,0.599020,0.594183,0.595029,0.576594,0.596543,
0.649361,0.649406,0.649344,0.648033,0.646653,0.642921,0.647158,0.638909,0.645887,0.651477,0.653501,0.649393,0.653332,0.650118,0.650553,0.649156,0.649620,0.644265,0.652913,0.650892,0.652472,0.645252,0.652900,0.648426,0.648110,0.653939,0.646542,0.652373,0.648995,0.648444,0.647603,0.649698,0.634514,0.651373,0.636812,0.649492,0.638851,0.651946,0.653838,0.652939,0.651586,0.654944,0.654908,0.651772,0.650549,0.652622,0.648648,0.653767,0.648362,0.646967,0.651028,0.650269,0.649029,0.650027,0.651272,0.651510,0.649652,0.649032,0.647380,0.648015,0.636660,0.651140,0.651550,0.655219,0.651535,0.652493,0.648755,0.653011,0.652257,0.654251,0.653216,0.646984,0.650524,0.637168,0.650889,0.652987,0.651316,0.646594,0.652811,0.639284,0.650524,0.649668,0.657828,0.640410,0.646710,0.641475,0.649272,0.650054,0.654883,0.638018,0.647088,0.649282,0.652029,0.654547,0.656026,0.651068,0.651966,0.649685,0.647009,0.647904,
0.732383,0.733106,0.729796,0.724446,0.729066,0.726164,0.728010,0.724714,0.727889,0.725676,0.724302,0.729073,0.723992,0.726986,0.728333,0.712869,0.729498,0.727342,0.723001,0.725221,0.726396,0.723321,0.727104,0.707725,0.726929,0.724870,0.726201,0.710436,0.729979,0.711315,0.729253,0.725889,0.727822,0.730620,0.730318,0.727015,0.723045,0.730076,0.722212,0.729382,0.723869,0.727106,0.727528,0.728649,0.726234,0.724994,0.727953,0.731109,0.709173,0.726170,0.723840,0.729071,0.707026,0.725470,0.706777,0.729964,0.728911,0.725385,0.742428,0.729292,0.728916,0.728925,0.725483,0.730247,0.723632,0.721606,0.706797,0.726783,0.724192,0.726343,0.728211,0.727992,0.724316,0.730550,0.730962,0.726003,0.727783,0.723889,0.728902,0.725298,0.731978,0.727929,0.724194,0.730819,0.723006,0.726940,0.724192,0.727985,0.723227,0.725167,0.727366,0.725471,0.726950,0.724507,0.727744,0.729146,0.729469,0.729363,0.732231,0.723679,
0.805892,0.811350,0.806136,0.810138,0.808477,0.809693,0.811390,0.801987,0.810527,0.809296,0.812013,0.803782,0.807869,0.807588,0.806986,0.805176,0.807535,0.788784,0.810021,0.809788,0.787309,0.810503,0.811523,0.808603,0.808840,0.806171,0.810571,0.804551,0.805990,0.806060,0.805643,0.812753,0.787109,0.817271,0.815690,0.808391,0.810080,0.808702,0.810010,0.808762,0.809411,0.808757,0.808241,0.803684,0.810456,0.809247,0.807772,0.808778,0.812011,0.803656,0.813745,0.806578,0.807189,0.808981,0.807983,0.808109,0.810075,0.805087,0.789577,0.808051,0.813850,0.803672,0.803377,0.804370,0.809767,0.808529,0.809199,0.806652,0.792121,0.811352,0.793203,0.808710,0.786653,0.811451,0.808576,0.809575,0.810705,0.811698,0.809953,0.811428,0.810359,0.804961,0.803896,0.808717,0.813860,0.807950,0.808846,0.810098,0.790075,0.813999,0.808270,0.806350,0.811193,0.805167,0.810067,0.805468,0.805915,0.811495,0.809844,0.808049,


worker 1
start1024
0.271156,0.271178,0.280417,0.281431,0.284766,0.277691,0.279245,0.276559,0.279988,0.274892,0.279347,0.284222,0.273692,0.276924,0.282123,0.276279,0.278888,0.282601,0.283196,0.280184,0.281854,0.281917,0.281649,0.282361,0.277374,0.280749,0.274799,0.285992,0.279965,0.269087,0.273101,0.277110,0.280985,0.276122,0.280871,0.275900,0.281593,0.281716,0.271224,0.280563,0.275404,0.274777,0.276814,0.279761,0.269413,0.281739,0.280339,0.272699,0.281257,0.280852,0.273903,0.279123,0.273561,0.283579,0.277572,0.279687,0.279476,0.287296,0.269290,0.281559,0.280908,0.280564,0.280255,0.281809,0.283566,0.274949,0.274432,0.281483,0.272791,0.273807,0.272887,0.275702,0.279453,0.273774,0.280791,0.272121,0.282538,0.274618,0.275701,0.271103,0.279147,0.271815,0.279551,0.272816,0.281000,0.275799,0.273775,0.280228,0.278101,0.275162,0.275815,0.277545,0.278515,0.272819,0.267837,0.281377,0.282627,0.277664,0.272321,0.288591,
0.311686,0.307547,0.302114,0.303128,0.299458,0.298753,0.294091,0.302874,0.303865,0.299310,0.303166,0.303922,0.302326,0.304194,0.296658,0.300812,0.295475,0.300181,0.298269,0.306041,0.294049,0.297879,0.296307,0.299284,0.301969,0.297813,0.293536,0.297381,0.292241,0.303242,0.301070,0.294957,0.303040,0.298296,0.303781,0.293278,0.293141,0.298491,0.301673,0.292030,0.299759,0.304303,0.294734,0.292307,0.301799,0.305453,0.295474,0.296126,0.303227,0.293051,0.293377,0.302494,0.293914,0.303613,0.298056,0.301107,0.302717,0.295924,0.301560,0.297824,0.302860,0.294120,0.300519,0.295028,0.291860,0.301063,0.298046,0.298377,0.300945,0.300534,0.301071,0.289120,0.300092,0.299256,0.301456,0.292979,0.304959,0.293208,0.291967,0.298021,0.297246,0.300772,0.296785,0.303799,0.292390,0.298567,0.299514,0.299641,0.304740,0.296494,0.303681,0.297908,0.296375,0.301624,0.294163,0.300775,0.289119,0.304076,0.294786,0.300738,
0.321046,0.328415,0.325475,0.324940,0.320658,0.328190,0.317113,0.327548,0.321518,0.325037,0.325160,0.325104,0.323997,0.325135,0.327505,0.323865,0.321472,0.329631,0.319779,0.322337,0.325976,0.332128,0.319240,0.326395,0.318053,0.325553,0.321418,0.319066,0.318720,0.322955,0.323112,0.311885,0.321638,0.311352,0.324037,0.313960,0.323259,0.317341,0.320867,0.315826,0.324643,0.320991,0.316853,0.323831,0.318096,0.321366,0.324518,0.321461,0.323632,0.319655,0.321748,0.319498,0.329673,0.320839,0.313233,0.321770,0.322038,0.326488,0.321205,0.325241,0.328255,0.323453,0.327295,0.322088,0.316457,0.322604,0.313931,0.323547,0.311813,0.320056,0.318239,0.319102,0.324667,0.322245,0.313404,0.320238,0.314842,0.320654,0.319359,0.325343,0.313372,0.324045,0.324192,0.320703,0.329022,0.326908,0.314800,0.321826,0.317542,0.328404,0.318644,0.320916,0.326537,0.323849,0.322147,0.323566,0.323641,0.319068,0.324876,0.320630,
0.355587,0.353523,0.358542,0.358747,0.353136,0.354985,0.359511,0.354735,0.358681,0.354474,0.354321,0.353680,0.351748,0.349452,0.353468,0.352577,0.359153,0.358669,0.353473,0.352304,0.352621,0.359183,0.354642,0.349527,0.352548,0.354669,0.350990,0.350580,0.353443,0.350717,0.360055,0.353332,0.354389,0.351610,0.359038,0.347712,0.361472,0.351862,0.355733,0.356404,0.349924,0.345725,0.352160,0.351007,0.354140,0.348255,0.354638,0.356074,0.347559,0.352154,0.346879,0.351652,0.355071,0.352446,0.350182,0.351395,0.348067,0.354950,0.348633,0.352019,0.348013,0.348754,0.343385,0.352112,0.348660,0.353370,0.350969,0.352672,0.356430,0.346845,0.355860,0.349953,0.355917,0.356241,0.352409,0.351683,0.353129,0.356145,0.352978,0.358474,0.360372,0.353076,0.353817,0.356345,0.353629,0.356886,0.354349,0.354447,0.354843,0.352867,0.353004,0.354402,0.357164,0.353132,0.349206,0.355122,0.352193,0.353598,0.357385,0.359880,
0.377116,0.382424,0.385019,0.379805,0.372898,0.375627,0.378260,0.381899,0.375578,0.381848,0.376835,0.384578,0.373413,0.381992,0.371978,0.383161,0.373921,0.381280,0.373963,0.379180,0.374985,0.379194,0.370132,0.380310,0.382825,0.370905,0.369868,0.384288,0.375719,0.376623,0.381534,0.375931,0.379143,0.374354,0.382856,0.375119,0.382137,0.378154,0.376302,0.378357,0.380499,0.375743,0.385045,0.376311,0.375887,0.381138,0.373460,0.379189,0.381759,0.377319,0.380776,0.377057,0.375912,0.374692,0.384141,0.373936,0.383890,0.382444,0.379048,0.375870,0.375066,0.382650,0.374964,0.377883,0.377445,0.382691,0.377691,0.382023,0.381169,0.379015,0.378910,0.383376,0.375375,0.382064,0.373986,0.382465,0.374498,0.378754,0.378256,0.382220,0.379934,0.378273,0.376823,0.377001,0.382074,0.373468,0.382774,0.374144,0.382670,0.374271,0.382924,0.378599,0.374413,0.374422,0.376615,0.375366,0.374135,0.374414,0.377635,0.380579,
0.415726,0.426581,0.417820,0.411609,0.411907,0.431080,0.413116,0.413640,0.415599,0.414142,0.416009,0.413876,0.414955,0.415707,0.414322,0.414680,0.417953,0.412650,0.418386,0.417598,0.413500,0.410353,0.409362,0.411310,0.413835,0.405824,0.415356,0.407849,0.418201,0.411437,0.412602,0.415825,0.415591,0.409205,0.418418,0.405377,0.412040,0.410223,0.417673,0.410290,0.413774,0.406935,0.407460,0.410068,0.411259,0.417834,0.405819,0.413536,0.414260,0.415227,0.410327,0.413019,0.414344,0.409930,0.416988,0.409450,0.413724,0.414294,0.414096,0.408137,0.411371,0.412982,0.412863,0.406024,0.412771,0.418019,0.412893,0.407670,0.416794,0.412767,0.411133,0.409939,0.413500,0.413802,0.417804,0.415207,0.406394,0.416149,0.413086,0.413500,0.415787,0.417364,0.413798,0.416209,0.417570,0.414954,0.420352,0.406483,0.413141,0.412664,0.409447,0.411012,0.412798,0.416909,0.411920,0.408323,0.412265,0.411032,0.412961,0.417929,
0.443384,0.452250,0.453843,0.453089,0.448178,0.448077,0.448187,0.444879,0.452746,0.448585,0.446065,0.445339,0.450096,0.448142,0.454479,0.445266,0.451216,0.453894,0.454488,0.445510,0.453985,0.448568,0.453340,0.447649,0.451119,0.449930,0.457924,0.449093,0.450768,0.452939,0.457935,0.453534,0.453476,0.452556,0.454457,0.451074,0.448343,0.453407,0.446973,0.454326,0.456303,0.451393,0.455134,0.448681,0.453098,0.451280,0.448383,0.452178,0.454512,0.455048,0.452429,0.455027,0.446294,0.456541,0.449866,0.445563,0.449774,0.448168,0.450387,0.454132,0.449116,0.451640,0.447441,0.453905,0.447826,0.450196,0.448137,0.448938,0.448087,0.450655,0.449364,0.450824,0.447425,0.454033,0.447013,0.451266,0.454098,0.452568,0.452978,0.449049,0.440866,0.448907,0.442700,0.457803,0.450353,0.443737,0.452423,0.452041,0.455130,0.454421,0.443881,0.447454,0.447766,0.444270,0.449869,0.449842,0.447031,0.455981,0.452070,0.446383,
0.488064,0.476116,0.483185,0.477113,0.487319,0.486791,0.487136,0.483635,0.483187,0.484372,0.486266,0.482982,0.480100,0.491443,0.483683,0.498858,0.488697,0.497042,0.486484,0.484429,0.488519,0.488752,0.484848,0.476870,0.482566,0.475006,0.482515,0.488219,0.485198,0.486731,0.483152,0.479627,0.486575,0.477832,0.485977,0.478523,0.483332,0.475944,0.482432,0.482314,0.477188,0.485858,0.473681,0.490131,0.490125,0.477653,0.486540,0.475767,0.485544,0.478610,0.481868,0.475887,0.478466,0.477871,0.479498,0.488274,0.483447,0.481452,0.477207,0.485443,0.491331,0.490407,0.478750,0.490081,0.481508,0.483274,0.493420,0.487572,0.482389,0.490341,0.483400,0.487742,0.489887,0.486660,0.481498,0.487494,0.483236,0.490246,0.483548,0.485977,0.475768,0.482833,0.479441,0.482881,0.480885,0.476874,0.484173,0.484616,0.485662,0.483585,0.481631,0.485203,0.483349,0.486053,0.481704,0.483307,0.486376,0.478745,0.480211,0.482124,
0.526889,0.522421,0.520807,0.522865,0.524322,0.526026,0.519964,0.518750,0.529978,0.557227,0.527775,0.590997,0.538064,0.532308,0.523397,0.522601,0.578630,0.529633,0.572215,0.537948,0.548042,0.530687,0.527634,0.526025,0.523673,0.521908,0.523757,0.516653,0.528573,0.523729,0.517059,0.518637,0.523760,0.520330,0.527254,0.527301,0.530694,0.543449,0.521442,0.524118,0.526783,0.518918,0.524321,0.526498,0.517951,0.520541,0.527518,0.528395,0.523358,0.516911,0.514134,0.522598,0.519352,0.517890,0.519089,0.526859,0.515921,0.524055,0.518256,0.522714,0.518880,0.528699,0.529227,0.524304,0.519781,0.516265,0.520906,0.519507,0.530548,0.514748,0.521358,0.517243,0.518878,0.528116,0.529752,0.522107,0.525837,0.521378,0.521946,0.521328,0.519630,0.518149,0.526633,0.519030,0.524288,0.521030,0.524926,0.520569,0.519446,0.528818,0.524977,0.517257,0.523950,0.529690,0.514519,0.522617,0.518273,0.522786,0.515603,0.520210,
0.572035,0.564624,0.568010,0.570854,0.565784,0.563080,0.570025,0.566227,0.572442,0.561731,0.568430,0.573687,0.571519,0.568059,0.567500,0.569089,0.574761,0.570287,0.572281,0.568838,0.570914,0.557873,0.570505,0.563769,0.563364,0.569112,0.564504,0.565424,0.568764,0.570551,0.563022,0.568341,0.560767,0.576081,0.566768,0.566198,0.562637,0.567286,0.564639,0.573174,0.566868,0.562582,0.576353,0.565366,0.568099,0.563841,0.568382,0.567013,0.566877,0.566460,0.574636,0.563360,0.567829,0.560890,0.568057,0.563526,0.564328,0.566292,0.561295,0.574626,0.563880,0.563840,0.568864,0.564025,0.567623,0.568075,0.566878,0.564904,0.572229,0.567953,0.573263,0.563055,0.577856,0.569068,0.570342,0.565506,0.571311,0.569934,0.567116,0.567424,0.574147,0.559313,0.570608,0.569647,0.579121,0.574328,0.567077,0.568231,0.564532,0.571006,0.563596,0.563957,0.568664,0.560088,0.573483,0.560367,0.571951,0.563258,0.570647,0.564256,



junktion_g_div

worker 0
start1024
0.056152,0.052105,0.051944,0.052514,0.052330,0.052326,0.052114,0.052274,0.061328,0.052633,0.060644,0.058287,0.052500,0.059006,0.057951,0.052582,0.059356,0.057750,0.052480,0.052819,0.052419,0.059190,0.051330,0.051342,0.051128,0.058947,0.056348,0.059679,0.055344,0.059344,0.052211,0.058291,0.057179,0.060540,0.059485,0.058926,0.065462,0.059602,0.052697,0.057943,0.059243,0.060148,0.060859,0.058890,0.052869,0.060243,0.059786,0.059102,0.059687,0.058014,0.058536,0.057208,0.058316,0.052941,0.053282,0.053221,0.062364,0.059954,0.052953,0.060376,0.058039,0.058904,0.052856,0.052921,0.056232,0.053242,0.057881,0.053123,0.058507,0.058154,0.053430,0.053281,0.058889,0.053193,0.060823,0.059808,0.053443,0.053339,0.058949,0.056391,0.053445,0.053341,0.058811,0.059376,0.060077,0.053494,0.053347,0.053463,0.053394,0.058869,0.058708,0.056926,0.064001,0.053401,0.059542,0.053419,0.053521,0.053426,0.053401,0.053615,
0.082038,0.083287,0.083593,0.082957,0.085007,0.082779,0.082347,0.084100,0.081744,0.078608,0.077488,0.083863,0.079265,0.081968,0.078545,0.082875,0.078565,0.077670,0.081928,0.083008,0.082852,0.077553,0.078828,0.075584,0.083942,0.084551,0.083002,0.083794,0.081609,0.082888,0.077183,0.077311,0.082484,0.083698,0.082840,0.077521,0.082406,0.081671,0.083235,0.083600,0.081389,0.077421,0.083219,0.083796,0.082877,0.078238,0.076944,0.084031,0.077252,0.077457,0.082612,0.081866,0.082556,0.083475,0.077446,0.082851,0.083630,0.077622,0.077446,0.083105,0.083559,0.077617,0.082942,0.083550,0.077572,0.083950,0.083433,0.083360,0.077101,0.077349,0.077769,0.081459,0.082276,0.082752,0.084095,0.077639,0.080889,0.083754,0.082034,0.081661,0.081634,0.076097,0.083427,0.077390,0.082616,0.084006,0.077283,0.082604,0.081564,0.077387,0.082677,0.083603,0.077400,0.081555,0.082465,0.077196,0.077150,0.077522,0.077238,0.077382,
0.119131,0.116617,0.118494,0.119627,0.118895,0.117413,0.119450,0.112460,0.117970,0.117256,0.120165,0.118939,0.117661,0.113166,0.118992,0.112174,0.118507,0.113281,0.117442,0.112116,0.118761,0.112116,0.117038,0.118539,0.118390,0.118170,0.117651,0.112708,0.112933,0.112819,0.113099,0.112324,0.112615,0.112695,0.112729,0.117664,0.111879,0.117499,0.112659,0.112920,0.112323,0.114980,0.118152,0.112758,0.114353,0.109277,0.118880,0.113793,0.118328,0.118851,0.118095,0.121665,0.118204,0.118532,0.112679,0.113191,0.116898,0.112543,0.112714,0.112752,0.112783,0.112917,0.118110,0.117278,0.112627,0.116716,0.118267,0.118343,0.119184,0.116927,0.118355,0.118480,0.118246,0.118956,0.116190,0.112984,0.117987,0.118316,0.119583,0.117653,0.118477,0.113795,0.113420,0.117052,0.117797,0.118643,0.118482,0.112008,0.112103,0.115950,0.112234,0.116022,0.117549,0.112524,0.115177,0.117773,0.113304,0.114701,0.118146,0.113958,
0.164936,0.162759,0.164262,0.159652,0.164786,0.164122,0.163558,0.158514,0.158738,0.158683,0.165223,0.158701,0.165684,0.158766,0.158862,0.164532,0.164697,0.158763,0.158721,0.164648,0.161825,0.164737,0.158835,0.158757,0.158919,0.164599,0.158561,0.165851,0.164416,0.158683,0.165988,0.164889,0.163141,0.163675,0.164245,0.166526,0.165523,0.165127,0.162469,0.165621,0.158839,0.159123,0.165906,0.165795,0.163088,0.164800,0.159064,0.159521,0.159361,0.163287,0.166900,0.164610,0.165889,0.159330,0.159087,0.159032,0.159183,0.165715,0.164839,0.164512,0.165125,0.163797,0.165112,0.166263,0.164386,0.165194,0.164877,0.158938,0.164443,0.163847,0.163932,0.165087,0.163848,0.165484,0.164963,0.163631,0.159056,0.159173,0.159321,0.164732,0.164612,0.165659,0.163603,0.164743,0.165427,0.164842,0.159226,0.165118,0.163951,0.165370,0.163688,0.164036,0.166441,0.160227,0.162716,0.160402,0.165365,0.165046,0.164887,0.164732,
0.207101,0.205892,0.207076,0.204862,0.205379,0.200370,0.207785,0.206405,0.201431,0.206764,0.200968,0.200960,0.205218,0.205418,0.204790,0.204511,0.202009,0.199752,0.202114,0.206315,0.206162,0.205132,0.205255,0.204999,0.204659,0.205106,0.205081,0.206656,0.206777,0.203441,0.201822,0.205649,0.200335,0.200555,0.200465,0.200646,0.201265,0.207527,0.205307,0.206488,0.203346,0.205829,0.205744,0.206012,0.200811,0.206568,0.206598,0.201326,0.201081,0.201060,0.201612,0.200969,0.207296,0.200852,0.200881,0.205072,0.205207,0.206983,0.204069,0.206724,0.205382,0.206917,0.201357,0.205774,0.206225,0.205232,0.204998,0.204876,0.199678,0.205611,0.205430,0.205337,0.205184,0.206700,0.207020,0.205786,0.206221,0.201654,0.205257,0.200662,0.199883,0.201542,0.205580,0.199835,0.206770,0.205660,0.204405,0.205929,0.206433,0.200725,0.205257,0.206214,0.207177,0.205840,0.205130,0.205318,0.204733,0.205020,0.206551,0.205966,
0.265679,0.266638,0.264661,0.265999,0.265975,0.266308,0.266287,0.265771,0.266866,0.264648,0.266040,0.265664,0.265656,0.263617,0.264430,0.263857,0.263307,0.263861,0.263817,0.264882,0.264786,0.264181,0.263569,0.264295,0.264549,0.276514,0.265618,0.263740,0.264443,0.263829,0.267261,0.263765,0.263239,0.262396,0.263468,0.265180,0.264165,0.265932,0.262763,0.265385,0.265596,0.262750,0.265493,0.264765,0.265732,0.264785,0.267222,0.281594,0.266018,0.265478,0.264443,0.265284,0.264325,0.263257,0.265826,0.266047,0.265327,0.264446,0.265541,0.269215,0.266535,0.265016,0.264625,0.260573,0.263219,0.264021,0.265967,0.259981,0.266989,0.265431,0.266096,0.257778,0.264781,0.260114,0.266572,0.258776,0.263060,0.265420,0.264400,0.265718,0.265222,0.264401,0.265501,0.266360,0.264934,0.266176,0.265578,0.265794,0.264068,0.265210,0.264241,0.266377,0.264754,0.264130,0.264489,0.265986,0.264409,0.266076,0.264828,0.265247,
0.332493,0.327437,0.324966,0.332821,0.324964,0.333442,0.333549,0.329205,0.328824,0.333801,0.333140,0.334270,0.328601,0.328736,0.328762,0.328645,0.328658,0.332467,0.332515,0.334028,0.332388,0.333008,0.331424,0.325289,0.319481,0.331416,0.327249,0.332310,0.332725,0.333066,0.334975,0.333349,0.328792,0.328605,0.335572,0.334543,0.335805,0.334627,0.333747,0.334924,0.334468,0.329058,0.335416,0.328537,0.333799,0.331955,0.332343,0.330729,0.331789,0.327404,0.326065,0.334713,0.331917,0.326687,0.332847,0.327420,0.333761,0.329157,0.333654,0.333265,0.332891,0.333808,0.334577,0.332469,0.334641,0.328516,0.333794,0.334250,0.328444,0.333478,0.332585,0.333813,0.329209,0.331607,0.333124,0.333451,0.328405,0.332916,0.331870,0.328442,0.332733,0.331648,0.333499,0.333389,0.330574,0.333606,0.332867,0.332210,0.332657,0.333547,0.328142,0.333237,0.327675,0.333438,0.323125,0.333108,0.329226,0.328202,0.327956,0.334458,
0.389331,0.390127,0.389318,0.392323,0.389853,0.392368,0.390527,0.388607,0.389947,0.393035,0.394117,0.391780,0.391875,0.389423,0.391884,0.393092,0.386912,0.385680,0.390728,0.391622,0.391767,0.383006,0.389583,0.390842,0.384833,0.385287,0.384887,0.390563,0.381432,0.389161,0.390033,0.393176,0.391875,0.390286,0.386379,0.386436,0.387152,0.387210,0.393844,0.392796,0.391561,0.392708,0.391773,0.393365,0.390694,0.391813,0.390411,0.390800,0.393701,0.390351,0.391996,0.390159,0.393216,0.390480,0.391770,0.387337,0.390548,0.393365,0.386934,0.386605,0.389727,0.385533,0.389706,0.384875,0.389757,0.391762,0.391182,0.392463,0.391215,0.390963,0.395493,0.396674,0.395441,0.394793,0.392267,0.392080,0.390427,0.393532,0.409404,0.388523,0.393570,0.387412,0.396797,0.392164,0.393610,0.393177,0.387714,0.386837,0.394984,0.392263,0.386699,0.391468,0.385969,0.391720,0.395789,0.394507,0.392592,0.394212,0.390686,0.386872,
0.461576,0.464286,0.463499,0.464449,0.466485,0.466476,0.462444,0.456450,0.463097,0.456735,0.455988,0.455731,0.459142,0.459446,0.460413,0.463177,0.462553,0.462647,0.459742,0.449264,0.460481,0.446024,0.460127,0.461126,0.461991,0.463305,0.460723,0.455247,0.463372,0.462291,0.461628,0.461987,0.455464,0.462845,0.457244,0.457411,0.458689,0.457743,0.457602,0.460979,0.459857,0.463428,0.462184,0.457321,0.461512,0.461980,0.460598,0.462118,0.463480,0.456443,0.460209,0.463533,0.457465,0.462056,0.461297,0.452796,0.460715,0.456590,0.458513,0.455660,0.471053,0.466328,0.448444,0.465574,0.460682,0.464401,0.462238,0.459178,0.464830,0.460339,0.461382,0.463519,0.459279,0.463155,0.461028,0.461936,0.456493,0.456726,0.460935,0.461131,0.459123,0.462144,0.457700,0.457742,0.457897,0.457492,0.457665,0.458369,0.458713,0.459400,0.458349,0.454098,0.453450,0.462314,0.447740,0.460098,0.460767,0.461627,0.447123,0.462173,
0.541242,0.544943,0.540230,0.545547,0.543768,0.523510,0.543972,0.543710,0.544420,0.538902,0.541038,0.542666,0.542328,0.541563,0.542509,0.539781,0.544552,0.542618,0.542147,0.540885,0.540576,0.525949,0.542051,0.543043,0.543281,0.542379,0.539246,0.545355,0.543005,0.543644,0.539141,0.538361,0.537701,0.544546,0.542935,0.538000,0.537841,0.544005,0.540713,0.541621,0.543029,0.544930,0.543723,0.544851,0.543193,0.542473,0.547753,0.541700,0.532722,0.542858,0.544211,0.535961,0.539151,0.545162,0.527021,0.544412,0.528906,0.565536,0.545354,0.540477,0.544521,0.544144,0.546305,0.540188,0.542436,0.551845,0.546603,0.550434,0.546190,0.547576,0.545274,0.543838,0.546124,0.541724,0.545201,0.544955,0.546387,0.543691,0.535068,0.526747,0.527024,0.547880,0.547048,0.547020,0.542021,0.542740,0.538373,0.523011,0.543904,0.549519,0.539144,0.545486,0.545819,0.543880,0.550445,0.573750,0.530524,0.543684,0.592520,0.538688,


worker 1
start1024
0.053287,0.055968,0.053812,0.054622,0.055636,0.056414,0.060806,0.051064,0.055613,0.055666,0.053529,0.058201,0.057537,0.054961,0.057442,0.055981,0.052089,0.051996,0.052793,0.050613,0.050402,0.050585,0.059651,0.053745,0.055491,0.054428,0.049269,0.055201,start1024
0.053480,0.055012,0.061836,0.050062,0.051346,0.050453,0.056244,0.057637,0.051081,0.051569,0.053063,0.056329,0.053769,0.056084,0.054135,0.052897,0.056063,0.052389,0.056158,0.048624,0.054311,0.054860,0.054762,0.049084,0.056319,0.058910,0.053780,0.052633,0.054540,0.060267,0.053969,0.056309,0.049715,0.052690,0.058342,0.051187,0.052855,0.053737,0.054294,0.055497,0.058107,0.055470,0.060248,0.053858,0.055995,0.053854,0.052390,0.057394,0.057670,0.049868,0.058797,0.055374,0.055789,0.048121,0.057506,0.054629,0.053646,0.050900,0.053803,0.057080,0.057817,0.056041,0.054076,0.055836,0.056433,0.056509,0.051012,0.057059,0.053530,0.053971,0.054939,0.057179,0.054665,0.048760,0.054308,0.052797,0.056413,0.057942,0.053584,0.053316,0.054671,0.056997,0.058037,0.050024,0.047523,0.054379,0.053649,0.048391,0.049303,0.052258,0.050932,0.052030,0.057017,0.052504,0.057181,0.051317,0.055762,0.055518,0.054902,0.062096,
0.067189,0.065120,0.065749,0.067136,0.067102,0.070369,0.070788,0.063840,0.065635,0.069283,0.069672,0.071318,0.066558,0.065658,0.068251,0.067013,0.068732,0.066521,0.066089,0.064370,0.064738,0.072162,0.064237,0.069583,0.071192,0.065125,0.070580,0.064216,0.068704,0.069430,0.071517,0.069279,0.072059,0.069714,0.070119,0.063374,0.070457,0.065156,0.068858,0.067476,0.063507,0.063206,0.070439,0.065611,0.066509,0.065969,0.067704,0.069214,0.068830,0.069377,0.066783,0.064987,0.069026,0.068928,0.068554,0.068414,0.069963,0.070187,0.071737,0.063310,0.072837,0.067194,0.069180,0.066878,0.071260,0.068627,0.069002,0.066463,0.068748,0.068877,0.069298,0.066917,0.067093,0.065704,0.066930,0.066537,0.071707,0.067304,0.063438,0.071864,0.062458,0.069421,0.068564,0.063991,0.068981,0.065506,0.065554,0.064861,0.061264,0.069588,0.065956,0.068116,0.062942,0.069923,0.065595,0.067296,0.062276,0.066404,0.065206,0.067374,
0.085012,0.085947,0.087058,0.087081,0.088409,0.087477,0.087513,0.085218,0.092177,0.087314,0.081226,0.087712,0.090394,0.088303,0.091156,0.086981,0.087115,0.086166,0.084120,0.092926,0.090519,0.088631,0.088309,0.090199,0.087482,0.083669,0.087138,0.085442,0.087865,0.088012,0.087456,0.087999,0.085211,0.087042,0.085519,0.086323,0.090951,0.087392,0.086749,0.090008,0.085289,0.085628,0.087153,0.087074,0.083808,0.088565,0.090720,0.085690,0.092973,0.088814,0.083913,0.086080,0.087277,0.086433,0.088425,0.085288,0.094316,0.088867,0.087760,0.086915,0.087769,0.086716,0.088972,0.090604,0.086230,0.089467,0.087975,0.088376,0.089445,0.088907,0.089817,0.088839,0.086395,0.089107,0.086511,0.083527,0.082445,0.088278,0.088724,0.085478,0.089432,0.089956,0.085416,0.089468,0.098875,0.089284,0.088735,0.085614,0.086068,0.084910,0.088924,0.085343,0.084707,0.087621,0.085716,0.086085,0.090191,0.091680,0.087252,0.079206,
0.114188,0.115955,0.109466,0.116184,0.111661,0.116447,0.108295,0.114562,0.111150,0.116272,0.111454,0.111792,0.112694,0.111994,0.112387,0.109655,0.113156,0.108986,0.116060,0.114787,0.112292,0.110896,0.108789,0.113656,0.109666,0.106871,0.110539,0.106138,0.109119,0.112679,0.112795,0.112401,0.112588,0.117138,0.112055,0.110671,0.110696,0.114115,0.107827,0.108191,0.114557,0.116013,0.114088,0.112214,0.111568,0.114916,0.110067,0.115721,0.110665,0.109277,0.110416,0.115174,0.116797,0.113054,0.111402,0.107505,0.112997,0.108972,0.113735,0.108450,0.106944,0.107965,0.114024,0.116759,0.109648,0.110732,0.113382,0.113516,0.112336,0.110169,0.107712,0.106984,0.112698,0.110380,0.108985,0.106494,0.110361,0.112798,0.110592,0.111961,0.109929,0.113858,0.107812,0.105348,0.110344,0.110881,0.112426,0.113265,0.112073,0.109925,0.108960,0.111149,0.110329,0.114305,0.111826,0.112994,0.106461,0.112602,0.109789,0.112603,
0.137997,0.129891,0.131960,0.129423,0.138929,0.133309,0.132769,0.139112,0.128490,0.136088,0.134448,0.131548,0.134585,0.131300,0.132587,0.140619,0.139643,0.136806,0.128449,0.130093,0.130167,0.130113,0.137497,0.133553,0.130335,0.133667,0.135940,0.137334,0.130597,0.136112,0.135809,0.137765,0.129716,0.132910,0.136146,0.131223,0.132340,0.130987,0.134145,0.135106,0.134022,0.133694,0.130420,0.130600,0.134997,0.135359,0.134724,0.135921,0.129903,0.137339,0.136556,0.135417,0.135547,0.138098,0.132408,0.136169,0.129253,0.136742,0.137989,0.134479,0.137779,0.133550,0.133187,0.132985,0.134383,0.134323,0.135031,0.141115,0.132557,0.133272,0.136542,0.135219,0.131335,0.133414,0.133234,0.136189,0.138041,0.132080,0.130247,0.135055,0.135068,0.130168,0.132825,0.134250,0.133583,0.134049,0.138259,0.132785,0.127907,0.131717,0.134428,0.129821,0.136936,0.134868,0.127135,0.129708,0.133484,0.133031,0.133848,0.133937,
0.166881,0.165038,0.162332,0.164292,0.165619,0.163963,0.167158,0.165271,0.165537,0.163445,0.166248,0.166180,0.166897,0.166554,0.162629,0.169755,0.164947,0.165503,0.163602,0.166606,0.167393,0.162819,0.165029,0.165530,0.170898,0.164793,0.167192,0.167692,0.165897,0.167636,0.157974,0.162502,0.165553,0.167706,0.161078,0.165267,0.164562,0.161691,0.164882,0.163915,0.162290,0.163484,0.160773,0.165929,0.166895,0.161349,0.160901,0.162562,0.159780,0.162355,0.161462,0.162243,0.163392,0.161530,0.164572,0.162915,0.165133,0.162892,0.159820,0.164286,0.167235,0.162008,0.164599,0.163063,0.160800,0.169162,0.166678,0.167197,0.165627,0.164572,0.163706,0.166476,0.172193,0.162455,0.163731,0.161387,0.170067,0.164398,0.167454,0.165052,0.172377,0.162584,0.166023,0.162170,0.162614,0.161163,0.162975,0.161347,0.165272,0.159428,0.160545,0.167610,0.161653,0.166392,0.162022,0.163232,0.165469,0.166559,0.164362,0.168470,
0.195877,0.200794,0.203721,0.202972,0.200218,0.202666,0.202527,0.204410,0.199341,0.200849,0.198449,0.194667,0.197741,0.202728,0.203446,0.199488,0.196462,0.200886,0.200630,0.201396,0.204065,0.204290,0.192155,0.202939,0.200532,0.201144,0.200644,0.198147,0.198089,0.201888,0.196307,0.199218,0.200874,0.199615,0.203028,0.201638,0.198054,0.198997,0.201614,0.200585,0.202421,0.195232,0.205595,0.204632,0.199041,0.200237,0.199859,0.204581,0.198905,0.197982,0.200404,0.198311,0.197797,0.197268,0.202169,0.201908,0.199611,0.200231,0.204662,0.201530,0.196676,0.203302,0.199330,0.202666,0.198653,0.200566,0.200015,0.197915,0.201170,0.194859,0.200974,0.199264,0.204182,0.200981,0.198706,0.203373,0.207900,0.197664,0.203010,0.198465,0.206066,0.201912,0.200070,0.200089,0.200951,0.199427,0.200895,0.200456,0.202352,0.203159,0.199852,0.200564,0.197248,0.200136,0.203461,0.195708,0.200454,0.198493,0.200725,0.201274,
0.228067,0.231881,0.228400,0.223668,0.242222,0.225326,0.229603,0.225782,0.232633,0.228996,0.236085,0.225222,0.229311,0.228802,0.229089,0.229074,0.230449,0.228833,0.232835,0.224705,0.232535,0.228805,0.227082,0.228678,0.227657,0.229889,0.228478,0.222970,0.230738,0.234331,0.229181,0.228690,0.229494,0.230495,0.227370,0.228063,0.225027,0.227011,0.230547,0.229121,0.230086,0.227238,0.227868,0.226467,0.227066,0.228137,0.230188,0.227459,0.227329,0.232384,0.231874,0.227597,0.226824,0.233130,0.228281,0.227441,0.228548,0.226950,0.227642,0.227086,0.227890,0.229527,0.227609,0.229419,0.230187,0.226933,0.225316,0.222096,0.226685,0.227354,0.226175,0.226167,0.232855,0.227311,0.227962,0.230522,0.232251,0.227952,0.228537,0.228004,0.228481,0.227084,0.230958,0.228823,0.225929,0.227343,0.227558,0.232334,0.224726,0.226906,0.234894,0.227090,0.224471,0.228075,0.231808,0.226290,0.230500,0.226226,0.227087,0.223604,
0.271031,0.265693,0.266733,0.268541,0.269702,0.266631,0.264200,0.267892,0.265090,0.265959,0.265974,0.262957,0.266721,0.273377,0.262071,0.271161,0.260887,0.265807,0.263008,0.263431,0.264022,0.270861,0.267753,0.272685,0.262445,0.261175,0.273638,0.269755,0.259163,0.273278,0.266177,0.260250,0.259291,0.264873,0.264060,0.263894,0.267687,0.269662,0.266755,0.262839,0.266831,0.271870,0.270865,0.268362,0.273148,0.266690,0.269240,0.269639,0.269831,0.262820,0.270978,0.262550,0.268251,0.266288,0.266946,0.269770,0.272698,0.260868,0.265132,0.271981,0.265560,0.263355,0.267298,0.262581,0.267929,0.270206,0.269300,0.265807,0.268815,0.263519,0.269379,0.266143,0.261754,0.266834,0.269986,0.263600,0.267807,0.271727,0.264469,0.270907,0.266535,0.265786,0.264770,0.269781,0.263700,0.267859,0.267111,0.270044,0.265194,0.269235,0.264767,0.269011,0.261167,0.266231,0.265018,0.267192,0.265814,0.271039,0.273007,0.264042,
0.306310,0.313140,0.312368,0.312127,0.307693,0.312242,0.309680,0.310550,0.306184,0.309792,0.305920,0.309298,0.308781,0.309084,0.307500,0.307658,0.304813,0.308731,0.311476,0.309773,0.312106,0.308194,0.308399,0.308289,0.302221,0.313169,0.304671,0.308128,0.308973,0.310716,0.310957,0.312769,0.312110,0.312454,0.306031,0.309329,0.308959,0.307968,0.308265,0.310812,0.309916,0.302843,0.303373,0.306223,0.302760,0.309032,0.303503,0.305752,0.310042,0.303206,0.310539,0.306714,0.306839,0.308888,0.301618,0.305784,0.310133,0.308365,0.309087,0.305003,0.309801,0.302874,0.307565,0.310048,0.307361,0.305736,0.309006,0.308892,0.308284,0.305918,0.309613,0.306396,0.313114,0.305648,0.305375,0.307476,0.309957,0.312963,0.306372,0.303698,0.307011,0.306972,0.307627,0.307686,0.312296,0.308783,0.312369,0.310559,0.312422,0.311689,0.311633,0.309282,0.309919,0.305879,0.310453,0.306366,0.306804,0.305897,0.309470,0.307428,





