100times average
 ロジスティック写像

----------------------------------------------------------


mpfi
1024 0.014212

2048 0.018224

3072 0.022020

4096 0.030933

5120 0.035952

6144 0.045201

7168 0.054388

8192 0.066449

9216 0.085992

10240 0.102192

------------------------------------------------------------

gmpfi
1024 0.232503
DFG 0.161008

2048 0.237959
DFG　0.161139

3072 0.242911
DFG　0.160056

4096 0.251418
DFG　0.159801

5120 0.256215
DFG　0.159631

6144 0.265701
DFG　0.159170

7168 0.275225
DFG　0.160180

8192 0.285568
DFG 0.159591

9216 0.303835
DFG 0.159342

10240 0.316985
DFG 0.158607

--------------------------------------------------------------
newgmpfi

1024 0.059546
DFG  0.014076

2048 0.062540
DFG　0.013724

3072　0.066468
DFG　0.013487

4096　0.071589
DFG　0.013705

5120　0.074617
DFG　0.013199

6144　0.080887
DFG　0.013228

7168　0.089269
DFG　0.013265

8192　0.099497
DFG　0.013381

9216 0.110482
DFG　0.013111

10240 0.122640
DFG　0.013609
---------------------------------------------------------
----------------------------------------------------------


2並列可能なDFG

mpfi
1024　0.040648

2048　0.082286

3072　0.132496

4096　0.209697

5120　0.272159

6144　0.358022

7168　0.455637

8192　0.539063

9216　0.637728

10240　0.753854
------------------------------------------------------------

gmpfi
1024　0.293993
DFG 　0.210128

2048　0.316129
DFG　0.210506

3072　0.346769
DFG　0.210724

4096　0.390608
DFG　0.210171

5120　0.425314
DFG　0.210430

6144　0.472429
DFG　0.209759

7168　0.522636
DFG　0.208768

8192　0.567885
DFG　0.209604

9216　0.616858
DFG　0.208845

10240　0.679150
DFG　0.208824

--------------------------------------------------------------
newgmpfi

1024　0.066347
DFG 0.017702

2048　0.086934
DFG　0.017658

3072　0.114401
DFG　0.017850

4096　0.149302
DFG　0.017748

5120　0.180656
DFG　0.017697

6144　0.223829
DFG　0.017280

7168　0.272320
DFG　0.018000

8192　0.313174
DFG　0.017379

9216　0.364419
DFG　0.017224

10240　0.421176
DFG　0.017662
