worker 0


start1024
0.061458,0.064750,0.059654,0.063871,0.066955,0.062761,0.066484,0.063971,0.062704,0.065908,0.059736,0.067323,0.060383,0.065011,0.064399,0.069356,0.059172,0.065131,0.060004,0.063291,0.065664,0.060284,0.060443,0.063266,0.064768,0.064388,0.059720,0.065170,0.060409,0.066423,0.065332,0.067055,0.060715,0.060429,0.066312,0.061734,0.063993,0.065473,0.061606,0.065846,0.068298,0.061812,0.065382,0.064182,0.062159,0.064330,0.064188,0.064378,0.063947,0.064740,0.062850,0.067081,0.064418,0.068260,0.060314,0.060371,0.061170,0.060434,0.060134,0.061324,0.060373,0.062338,0.060421,0.060867,0.061110,0.060226,0.066378,0.064929,0.060136,0.065230,0.065950,0.060244,0.060195,0.064286,0.066486,0.060362,0.066166,0.064315,0.064059,0.060944,0.060044,0.064081,0.060122,0.060518,0.064017,0.065925,0.064648,0.063779,0.065159,0.064704,0.065788,0.064107,0.065379,0.065954,0.063907,0.063693,0.060090,0.066269,0.073057,0.064564,start2048
0.098092,0.098801,0.100596,0.101713,0.100112,0.100881,0.100469,0.094279,0.093984,0.100870,0.099723,0.094155,0.099048,0.094336,0.099511,0.101410,0.097221,0.094848,0.099873,0.097862,0.099629,0.097092,0.097582,0.099257,0.093517,0.094231,0.099158,0.097797,0.096987,0.098843,0.094205,0.094093,0.094307,0.094207,0.097118,0.099653,0.094225,0.094103,0.094177,0.099182,0.093757,0.098607,0.101859,0.099734,0.094847,0.097939,0.103349,0.094524,0.094444,0.094013,0.101553,0.097150,0.098941,0.097577,0.100425,0.097971,0.093798,0.099600,0.097488,0.099518,0.099185,0.100330,0.097649,0.100563,0.094454,0.098837,0.099480,0.094468,0.098101,0.099370,0.100848,0.100567,0.100888,0.094795,0.094620,0.098310,0.100425,0.099893,0.094449,0.098798,0.095034,0.098291,0.094537,0.098147,0.098035,0.094510,0.093456,0.098566,0.097478,0.094645,0.094025,0.094383,0.097967,0.099728,0.098391,0.093752,0.100144,0.098424,0.098887,0.097652,start3072
0.148203,0.149281,0.147734,0.147685,0.148646,0.143783,0.147052,0.148375,0.143612,0.148387,0.148785,0.143715,0.147715,0.146967,0.147283,0.148648,0.143891,0.148502,0.149164,0.147917,0.148173,0.148534,0.147572,0.149217,0.148429,0.146950,0.148176,0.147462,0.149621,0.148041,0.147183,0.149020,0.148138,0.149596,0.150392,0.149481,0.147939,0.143863,0.149985,0.147799,0.148878,0.143452,0.147398,0.145124,0.151829,0.147400,0.148966,0.147799,0.148089,0.148748,0.150068,0.146871,0.147283,0.150234,0.147762,0.147518,0.150105,0.143962,0.147222,0.148894,0.148122,0.150236,0.147998,0.147734,0.148674,0.148431,0.147192,0.146952,0.146650,0.148285,0.148267,0.148540,0.144014,0.144034,0.146848,0.144076,0.143899,0.148506,0.143810,0.148186,0.144184,0.143847,0.147237,0.148700,0.143912,0.148888,0.146996,0.143440,0.149108,0.149610,0.143881,0.148752,0.148611,0.144256,0.144244,0.143943,0.149112,0.147381,0.143966,0.149340,start4096
0.212493,0.211310,0.207991,0.211107,0.211880,0.211582,0.212634,0.212358,0.212263,0.209074,0.218014,0.217113,0.211071,0.211897,0.212473,0.213094,0.212745,0.211329,0.214208,0.209383,0.209031,0.215147,0.213650,0.211239,0.213967,0.209855,0.209303,0.209104,0.212525,0.212505,0.215186,0.212345,0.209628,0.209648,0.210697,0.210741,0.209528,0.221362,0.211470,0.213238,0.211045,0.215108,0.209632,0.209293,0.208182,0.209152,0.208385,0.207959,0.214583,0.214471,0.210833,0.214112,0.212988,0.213383,0.207557,0.207828,0.212735,0.213638,0.211817,0.213465,0.213360,0.217005,0.212818,0.213593,0.210936,0.207983,0.212147,0.212918,0.213187,0.212329,0.212933,0.214092,0.210895,0.208002,0.213156,0.207875,0.208152,0.207810,0.207867,0.208170,0.213752,0.210863,0.207995,0.207609,0.207965,0.212210,0.207515,0.213298,0.207650,0.207930,0.208068,0.208172,0.215494,0.214788,0.213182,0.213022,0.207724,0.207693,0.207660,0.218793,start5120
0.273791,0.271337,0.277286,0.271270,0.269576,0.272945,0.272142,0.272221,0.267814,0.272573,0.273126,0.274522,0.273332,0.272458,0.273083,0.268482,0.272696,0.269702,0.269989,0.271410,0.272501,0.269642,0.274033,0.269484,0.269725,0.269556,0.270105,0.268832,0.272595,0.271282,0.273266,0.274032,0.273338,0.270201,0.267917,0.273327,0.273156,0.279431,0.272360,0.273621,0.272253,0.273046,0.269141,0.269193,0.269071,0.269466,0.272852,0.267363,0.271662,0.273173,0.273603,0.275013,0.269548,0.269634,0.269381,0.269438,0.275863,0.270290,0.265676,0.273910,0.264652,0.273237,0.273587,0.273408,0.266533,0.273514,0.268042,0.272674,0.269240,0.272000,0.273218,0.271473,0.273343,0.271839,0.272837,0.265993,0.273188,0.270005,0.267613,0.271603,0.272659,0.269323,0.269278,0.272194,0.273612,0.270961,0.270806,0.269888,0.269541,0.269767,0.274018,0.280149,0.273127,0.273292,0.268861,0.274007,0.272448,0.273134,0.272416,0.273768,start6144
0.352776,0.348272,0.352636,0.352803,0.348267,0.352900,0.351827,0.350148,0.348687,0.348856,0.349027,0.353309,0.353589,0.348876,0.348575,0.351658,0.353989,0.353322,0.349006,0.353063,0.355369,0.342518,0.339248,0.356661,0.351663,0.352196,0.354787,0.350309,0.356063,0.352037,0.355085,0.351249,0.354155,0.349924,0.349599,0.350446,0.350437,0.350940,0.350321,0.350521,0.350429,0.350353,0.352284,0.352221,0.350367,0.349221,0.350241,0.352774,0.352263,0.352496,0.352614,0.354713,0.351283,0.356639,0.353655,0.355932,0.353806,0.353813,0.353589,0.351664,0.354281,0.354892,0.353894,0.353495,0.354681,0.350834,0.350414,0.349782,0.349860,0.352760,0.354563,0.350460,0.350517,0.350716,0.350315,0.350761,0.354218,0.350984,0.353918,0.351251,0.350565,0.350515,0.352191,0.354285,0.349665,0.349887,0.349961,0.350127,0.352160,0.349385,0.342534,0.354058,0.349834,0.349419,0.349468,0.350019,0.349940,0.353923,0.350429,0.350078,start7168
0.445743,0.448277,0.444926,0.446023,0.443610,0.436209,0.431873,0.448359,0.435443,0.432898,0.448819,0.434153,0.444997,0.449738,0.455306,0.449450,0.444409,0.446543,0.448493,0.443758,0.444387,0.444414,0.444567,0.444115,0.446032,0.447272,0.448393,0.448473,0.448312,0.444101,0.446964,0.446501,0.447689,0.444168,0.445527,0.446270,0.443332,0.447340,0.443341,0.445030,0.447699,0.444162,0.447131,0.446246,0.446087,0.448005,0.448671,0.445185,0.445969,0.445332,0.446155,0.447815,0.446202,0.446107,0.448269,0.444798,0.445937,0.443017,0.444234,0.447946,0.446200,0.443754,0.444345,0.443767,0.447936,0.448722,0.444095,0.446391,0.446050,0.442722,0.443775,0.446552,0.448616,0.447929,0.446673,0.444788,0.444866,0.446052,0.446584,0.447100,0.444640,0.443660,0.448695,0.446132,0.446808,0.443495,0.444028,0.444213,0.443636,0.443810,0.447440,0.443377,0.444392,0.444968,0.445341,0.444858,0.445487,0.445162,0.441147,0.446249,start8192
0.524425,0.513661,0.527148,0.526087,0.528116,0.512014,0.526465,0.511908,0.530440,0.528233,0.531468,0.526716,0.527793,0.528359,0.528526,0.524588,0.527898,0.524660,0.530982,0.525932,0.528478,0.529137,0.525779,0.523476,0.528749,0.529889,0.527563,0.529865,0.527180,0.529715,0.527949,0.530611,0.527724,0.529128,0.527659,0.527158,0.523902,0.528889,0.512109,0.525276,0.525934,0.523266,0.529622,0.514117,0.530436,0.525025,0.523015,0.523301,0.528557,0.516189,0.528162,0.527302,0.529392,0.512359,0.525479,0.512091,0.528103,0.510566,0.507846,0.529518,0.511335,0.526206,0.527626,0.529779,0.525709,0.529539,0.527864,0.528384,0.527931,0.526480,0.529355,0.528236,0.528945,0.529731,0.529783,0.532595,0.526733,0.525307,0.528778,0.527065,0.527951,0.528478,0.528096,0.526795,0.525734,0.529176,0.529001,0.530358,0.526299,0.528310,0.529573,0.526269,0.524037,0.528988,0.529334,0.524832,0.525925,0.525921,0.527929,0.529163,start9216
0.624485,0.625136,0.621204,0.626329,0.624544,0.623018,0.624486,0.621332,0.621286,0.624278,0.623992,0.624292,0.625399,0.621618,0.623588,0.622824,0.618766,0.607560,0.624102,0.622619,0.623145,0.625666,0.623531,0.620185,0.622306,0.619870,0.619909,0.622009,0.620601,0.622658,0.625556,0.624700,0.637963,0.623138,0.620228,0.618031,0.623911,0.623048,0.621938,0.622072,0.620980,0.621852,0.622783,0.627053,0.622056,0.624539,0.624772,0.624334,0.621844,0.626270,0.626985,0.626176,0.624195,0.625888,0.621356,0.624533,0.624454,0.619847,0.625724,0.621133,0.622111,0.624139,0.622168,0.609200,0.625200,0.622009,0.624602,0.627845,0.627286,0.624701,0.625835,0.622812,0.624557,0.623216,0.627825,0.622347,0.625136,0.623601,0.622919,0.624352,0.624865,0.620947,0.621277,0.622610,0.623392,0.625197,0.625373,0.623176,0.624700,0.623007,0.624352,0.624710,0.623064,0.622843,0.624607,0.634640,0.622897,0.621808,0.625308,0.622027,start10240
0.738897,0.739207,0.734006,0.737941,0.734282,0.738107,0.738936,0.736846,0.735932,0.737172,0.736156,0.738218,0.733493,0.739877,0.736116,0.738052,0.732260,0.736771,0.739412,0.736133,0.738935,0.730896,0.735842,0.736572,0.732248,0.736792,0.716048,0.736253,0.735686,0.738458,0.714919,0.734814,0.734771,0.735402,0.731860,0.738772,0.733789,0.736871,0.735482,0.734317,0.735240,0.737006,0.736637,0.712043,0.736794,0.738232,0.735943,0.738027,0.735046,0.736180,0.733913,0.737148,0.733611,0.729525,0.734757,0.734438,0.735847,0.733165,0.733736,0.729230,0.736723,0.733068,0.729905,0.736304,0.734156,0.732964,0.734921,0.733187,0.732900,0.734045,0.736067,0.734912,0.734651,0.736853,0.735094,0.736523,0.733468,0.734183,0.733105,0.733341,0.733920,0.735516,0.734249,0.737259,0.731604,0.736247,0.733195,0.732554,0.736157,0.735742,0.735115,0.735187,0.732021,0.734113,0.734881,0.733503,0.713340,0.711493,0.734478,0.734488,


worker 1


start1024
0.053738,0.056904,0.060906,0.066292,0.060397,0.058324,0.056798,0.059813,0.057302,0.055125,0.061951,0.060213,0.057105,0.060571,0.054131,0.053337,0.062885,0.064183,0.061450,0.059688,0.057999,0.055743,0.062213,0.064530,0.055367,0.061869,0.055929,0.057372,0.058938,0.065051,0.061423,0.059257,0.067857,0.063808,0.065264,0.054799,0.062503,0.062098,0.064359,0.064009,0.060656,0.058582,0.063086,0.062868,0.062331,0.055804,0.066535,0.061069,0.055847,0.056984,0.055505,0.064631,0.060972,0.063720,0.058536,0.060403,0.052382,0.063298,0.060796,0.055531,0.062335,0.057567,0.058621,0.056007,0.059215,0.062952,0.061797,0.065977,0.063244,0.062417,0.065568,0.056031,0.067567,0.060320,0.058101,0.057252,0.060716,0.057682,0.067489,0.058116,0.062698,0.056203,0.057513,0.060607,0.059582,0.060846,0.060626,0.063980,0.060448,0.064785,0.058571,0.063492,0.056773,0.063509,0.060220,0.061824,0.060619,0.061097,0.058635,0.063905,start2048
0.073957,0.083367,0.076795,0.080545,0.073907,0.081135,0.084389,0.085457,0.077897,0.075773,0.078814,0.083212,0.081153,0.073907,0.077195,0.076910,0.084346,0.081058,0.081069,0.082432,0.076256,0.078236,0.083266,0.079261,0.079185,0.076104,0.077502,0.085085,0.077886,0.082352,0.082299,0.078110,0.076663,0.082126,0.080767,0.073718,0.077910,0.074650,0.071929,0.076137,0.078768,0.076435,0.076264,0.074880,0.079985,0.079216,0.080489,0.077306,0.082163,0.076146,0.082568,0.076237,0.078236,0.079081,0.078970,0.084563,0.080013,0.077239,0.083705,0.079910,0.073430,0.073253,0.082746,0.078996,0.075549,0.081326,0.080414,0.073530,0.082929,0.080304,0.078137,0.078244,0.082583,0.078348,0.077249,0.078464,0.073865,0.074727,0.072144,0.080033,0.082683,0.080494,0.074017,0.075224,0.073780,0.078034,0.080111,0.078776,0.081494,0.082671,0.076951,0.079301,0.075984,0.074882,0.083240,0.077639,0.080564,0.076473,0.074188,0.076561,start3072
0.103963,0.100104,0.107637,0.111062,0.102892,0.107485,0.105062,0.106249,0.105586,0.102772,0.108984,0.100816,0.104313,0.109381,0.099519,0.107794,0.102287,0.103754,0.108183,0.108474,0.107824,0.108939,0.101460,0.110095,0.106130,0.100970,0.109869,0.105542,0.105223,0.108210,0.103542,0.106419,0.108668,0.110854,0.107783,0.104361,0.106802,0.102624,0.106949,0.107212,0.108205,0.108127,0.105258,0.106457,0.102699,0.108650,0.108215,0.105652,0.106810,0.098959,0.109438,0.107516,0.109366,0.098921,0.101192,0.102299,0.102778,0.107810,0.102727,0.101665,0.106310,0.104240,0.103083,0.105636,0.100313,0.105242,0.106809,0.108580,0.104066,0.103522,0.106073,0.103554,0.108680,0.105257,0.110645,0.105579,0.104340,0.104593,0.101979,0.108852,0.104263,0.107057,0.109855,0.102693,0.104413,0.107311,0.100037,0.106559,0.104286,0.105990,0.103790,0.101132,0.108191,0.100339,0.109886,0.102668,0.106039,0.101842,0.105394,0.106171,start4096
0.140442,0.133061,0.136404,0.135918,0.143046,0.135562,0.139238,0.138192,0.136777,0.137955,0.136868,0.143635,0.145414,0.135919,0.145244,0.142597,0.135515,0.137563,0.136194,0.138090,0.144597,0.141803,0.140224,0.141533,0.138443,0.137070,0.144023,0.137671,0.139378,0.145219,0.140324,0.141876,0.140565,0.138501,0.135560,0.141113,0.137842,0.133676,0.140327,0.138112,0.140166,0.143164,0.135030,0.142524,0.135078,0.137463,0.139586,0.139566,0.139973,0.137493,0.135406,0.140325,0.140680,0.139822,0.139251,0.139004,0.134300,0.143497,0.139272,0.135217,0.134860,0.142324,0.140552,0.143280,0.137791,0.144288,0.136652,0.141130,0.139351,0.143072,0.139782,0.137633,0.141792,0.147547,0.140594,0.140023,0.133495,0.138358,0.137913,0.138519,0.140392,0.137161,0.136370,0.136889,0.139418,0.138071,0.139171,0.139796,0.143743,0.136950,0.133669,0.133482,0.139077,0.142782,0.140795,0.135649,0.139872,0.135780,0.142562,0.139383,start5120
0.172275,0.171363,0.170979,0.170778,0.169211,0.169583,0.173864,0.169648,0.169146,0.167740,0.168119,0.174750,0.169588,0.170497,0.167584,0.169086,0.174771,0.174714,0.172151,0.169091,0.170302,0.170401,0.171515,0.169742,0.168516,0.170947,0.175071,0.172885,0.164337,0.170649,0.167997,0.173276,0.170289,0.171631,0.174768,0.177832,0.170391,0.167513,0.173243,0.171072,0.169565,0.176440,0.176233,0.165526,0.170818,0.176209,0.169057,0.174177,0.172339,0.170621,0.175542,0.170948,0.168946,0.173530,0.174493,0.172534,0.174263,0.169222,0.172258,0.174870,0.169633,0.170181,0.171522,0.170063,0.166138,0.167498,0.168563,0.172696,0.168207,0.169649,0.170719,0.165873,0.169903,0.171845,0.168840,0.169291,0.170762,0.174147,0.172958,0.167399,0.171991,0.172434,0.164275,0.175185,0.175471,0.175134,0.170096,0.170699,0.169908,0.165107,0.171096,0.168996,0.169240,0.164344,0.176308,0.172986,0.173528,0.171446,0.169381,0.173258,start6144
0.212133,0.217179,0.207473,0.213532,0.207127,0.217904,0.211800,0.219593,0.211947,0.213901,0.210628,0.215133,0.213985,0.205521,0.212461,0.209237,0.211835,0.219934,0.209643,0.213269,0.215836,0.210870,0.218692,0.210386,0.206595,0.218189,0.221080,0.209688,0.218220,0.215430,0.218760,0.213737,0.217369,0.216757,0.215445,0.218444,0.212985,0.214793,0.215798,0.211455,0.212844,0.213122,0.213779,0.214388,0.211725,0.219177,0.214298,0.218254,0.214370,0.210928,0.212353,0.212592,0.214670,0.211592,0.217084,0.210720,0.213795,0.213570,0.215485,0.213512,0.215970,0.215163,0.212719,0.214272,0.210856,0.210559,0.208494,0.214112,0.213779,0.212227,0.213805,0.215276,0.213778,0.211884,0.215194,0.209971,0.211649,0.211644,0.216560,0.215864,0.215951,0.211929,0.215156,0.214040,0.213169,0.215548,0.213604,0.214822,0.217804,0.213067,0.222546,0.217941,0.209309,0.213892,0.210813,0.218117,0.211589,0.217569,0.214757,0.211033,start7168
0.264512,0.258967,0.264029,0.261610,0.257307,0.262567,0.258950,0.258213,0.260631,0.265580,0.257294,0.264886,0.264558,0.263388,0.256140,0.264795,0.263845,0.258664,0.262681,0.266491,0.260393,0.266211,0.256654,0.265867,0.263847,0.265961,0.259951,0.260892,0.267362,0.262603,0.260242,0.262300,0.263363,0.266423,0.262800,0.260316,0.260603,0.262339,0.261309,0.262554,0.264487,0.260063,0.263127,0.261821,0.261758,0.262494,0.260370,0.265918,0.258664,0.266812,0.258556,0.261971,0.256761,0.261772,0.263406,0.265056,0.262482,0.260965,0.265403,0.266838,0.261663,0.265144,0.259643,0.266853,0.263409,0.267184,0.261196,0.267993,0.265062,0.261799,0.266631,0.266283,0.265815,0.262337,0.267837,0.264963,0.258296,0.260313,0.261109,0.268348,0.266708,0.262688,0.258248,0.260638,0.258913,0.255829,0.268816,0.259623,0.266176,0.259759,0.258901,0.265342,0.259763,0.261036,0.262669,0.259083,0.255801,0.261899,0.260988,0.258887,start8192
0.303919,0.299032,0.303770,0.296291,0.300931,0.297107,0.298372,0.301352,0.304303,0.305144,0.300751,0.302318,0.295586,0.302862,0.302924,0.304689,0.306328,0.300371,0.302664,0.298142,0.298154,0.301460,0.302433,0.301292,0.301970,0.302843,0.299168,0.303497,0.303781,0.300717,0.302990,0.307035,0.302122,0.302371,0.305900,0.298798,0.303668,0.302797,0.299119,0.297309,0.299247,0.302416,0.298020,0.299492,0.303817,0.303786,0.301362,0.301251,0.304089,0.300940,0.303752,0.295933,0.299890,0.301888,0.306024,0.309067,0.299665,0.297252,0.304348,0.299603,0.303099,0.307604,0.300429,0.298950,0.304651,0.304019,0.295751,0.299237,0.303976,0.305272,0.304652,0.304160,0.305558,0.301827,0.300615,0.301924,0.300507,0.301617,0.301182,0.300881,0.301194,0.304994,0.297376,0.301040,0.300960,0.301517,0.305905,0.302420,0.301332,0.302611,0.300086,0.299827,0.308918,0.305746,0.308815,0.303959,0.306531,0.308623,0.304034,0.303033,start9216
0.348890,0.347214,0.352504,0.358870,0.355855,0.354077,0.353146,0.348703,0.356536,0.351781,0.357888,0.355869,0.351298,0.357372,0.353968,0.359722,0.352392,0.344807,0.353049,0.355599,0.353985,0.354433,0.350433,0.357503,0.355038,0.347377,0.351762,0.354446,0.356763,0.358767,0.351687,0.347724,0.360311,0.358293,0.351744,0.354829,0.355662,0.353935,0.355187,0.351288,0.352213,0.353759,0.350532,0.346573,0.358046,0.352604,0.357338,0.352692,0.354016,0.351868,0.353062,0.349399,0.355471,0.359320,0.360955,0.352957,0.359161,0.362918,0.357612,0.353122,0.349004,0.351373,0.354797,0.359581,0.349355,0.357229,0.363621,0.359094,0.354137,0.347602,0.352968,0.357583,0.359205,0.349878,0.353374,0.351882,0.352864,0.355863,0.349761,0.350849,0.347787,0.348687,0.353200,0.356841,0.353348,0.358062,0.349284,0.351389,0.351237,0.354617,0.349045,0.351388,0.356875,0.353289,0.355834,0.351923,0.352814,0.352959,0.353607,0.354360,start10240
0.405037,0.415147,0.413728,0.412064,0.416919,0.404462,0.413871,0.413218,0.416052,0.414660,0.413896,0.413890,0.409971,0.412470,0.413790,0.418506,0.409981,0.403654,0.408579,0.409182,0.415046,0.408536,0.414228,0.409188,0.407454,0.411241,0.414233,0.408007,0.410303,0.417189,0.406821,0.414020,0.401924,0.415151,0.413086,0.404777,0.409136,0.407496,0.411791,0.405398,0.409332,0.411998,0.408153,0.416197,0.410672,0.410285,0.409199,0.405959,0.412623,0.410510,0.407899,0.409367,0.412051,0.410912,0.414191,0.408895,0.408004,0.413855,0.414574,0.406589,0.413268,0.410395,0.408351,0.412967,0.404107,0.408075,0.402956,0.406033,0.412135,0.413736,0.407459,0.413697,0.403175,0.414490,0.416595,0.410483,0.409137,0.414787,0.413988,0.407080,0.415965,0.408171,0.413034,0.409065,0.416151,0.411622,0.409257,0.415936,0.407746,0.411833,0.414767,0.411168,0.405679,0.409434,0.414765,0.408339,0.410826,0.411637,0.414112,0.411212,

worker 2

start1024
0.059952,0.065307,0.062754,0.063738,0.058267,0.067196,0.067151,0.067321,0.063194,0.065357,0.061036,0.063231,0.064233,0.067468,0.063106,0.067185,0.063070,0.064053,0.061543,0.068910,0.062659,0.067459,0.060077,0.065610,0.061868,0.065762,0.068672,0.064891,0.076243,0.062941,0.063136,0.062996,0.066161,0.061494,0.066624,0.070081,0.061844,0.063851,0.065536,0.069816,0.067968,0.065462,0.065805,0.060173,0.059354,0.062716,0.064973,0.065176,0.064512,0.059517,0.076658,0.062810,0.069944,0.065858,0.056292,0.063857,0.062790,0.065135,0.065940,0.068182,0.056833,0.058660,0.072889,0.066234,0.060413,0.059750,0.065517,0.064225,0.078734,0.072504,0.063041,0.063352,0.065363,0.063679,0.065463,0.063139,0.069607,0.061179,0.062805,0.061169,0.062329,0.065979,0.065015,0.059965,0.068398,0.062184,0.067953,0.066118,0.064990,0.063882,0.063717,0.065601,0.061915,0.063969,0.074339,0.060302,0.074519,0.060916,0.060729,0.061453,start2048
0.083013,0.076808,0.081378,0.083372,0.081298,0.080697,0.084598,0.088451,0.078130,0.081480,0.082570,0.083295,0.082931,0.079956,0.079858,0.076790,0.082396,0.080042,0.082991,0.079272,0.077292,0.078725,0.077640,0.079758,0.081509,0.079409,0.082768,0.083519,0.080154,0.077006,0.084656,0.084573,0.077015,0.081262,0.083142,0.081075,0.078438,0.084476,0.083935,0.083248,0.078835,0.079499,0.079891,0.081539,0.085143,0.081192,0.089711,0.081917,0.091931,0.079889,0.084674,0.084047,0.081959,0.088086,0.083402,0.079488,0.083400,0.081257,0.084859,0.084778,0.088431,0.089426,0.082438,0.080009,0.083261,0.084356,0.080566,0.076536,0.080925,0.082424,0.080818,0.092686,0.089496,0.083067,0.078393,0.086413,0.081664,0.081090,0.079978,0.077840,0.089370,0.087883,0.081835,0.078470,0.085930,0.074495,0.085624,0.082342,0.097213,0.081072,0.096652,0.087011,0.078522,0.084585,0.087146,0.089259,0.082038,0.084095,0.081324,0.081846,start3072
0.109815,0.107519,0.106515,0.106626,0.110882,0.109168,0.105047,0.113199,0.107511,0.107294,0.105183,0.110628,0.106612,0.106987,0.112094,0.106124,0.114261,0.109311,0.102517,0.104827,0.112661,0.109061,0.107278,0.114475,0.102691,0.112919,0.105125,0.113009,0.107758,0.110630,0.109224,0.106170,0.110010,0.111910,0.109280,0.106521,0.106979,0.104402,0.108984,0.109088,0.110244,0.107010,0.111321,0.109598,0.119571,0.106489,0.109127,0.104905,0.110594,0.109338,0.104059,0.105333,0.104350,0.109349,0.107759,0.107026,0.107899,0.110598,0.107531,0.109564,0.109674,0.107476,0.108764,0.106083,0.111894,0.114426,0.108823,0.107737,0.113074,0.112163,0.113954,0.110967,0.118566,0.108337,0.110742,0.106672,0.106138,0.110080,0.117460,0.109821,0.107335,0.111526,0.112348,0.112497,0.109178,0.116047,0.103039,0.112240,0.106464,0.110635,0.106948,0.104211,0.108330,0.113609,0.116662,0.109578,0.095054,0.120153,0.113086,0.111750,start4096
0.145314,0.142265,0.144313,0.147493,0.145137,0.149327,0.145346,0.147839,0.143576,0.146247,0.146982,0.150407,0.149042,0.138037,0.139479,0.143778,0.145653,0.145682,0.148785,0.141456,0.141641,0.148215,0.156274,0.148140,0.146033,0.144092,0.139622,0.144055,0.138517,0.142533,0.141223,0.146801,0.141192,0.142874,0.149197,0.142223,0.140511,0.146302,0.144290,0.148238,0.143325,0.139103,0.138553,0.146777,0.141294,0.140219,0.143828,0.137590,0.141656,0.144161,0.147286,0.145473,0.145893,0.147008,0.144560,0.139655,0.138268,0.137304,0.143186,0.151012,0.142649,0.141049,0.140947,0.143010,0.144036,0.142383,0.144071,0.146902,0.141369,0.142045,0.142403,0.147674,0.143139,0.148360,0.146011,0.147607,0.145065,0.145584,0.145081,0.137883,0.143461,0.140894,0.142152,0.155723,0.144282,0.142903,0.145836,0.143128,0.149290,0.140569,0.149410,0.141387,0.139808,0.142237,0.142091,0.149155,0.141725,0.147154,0.146127,0.139244,start5120
0.179613,0.176812,0.175158,0.174114,0.171147,0.175644,0.174206,0.170827,0.176904,0.176852,0.177117,0.175406,0.177727,0.170088,0.175282,0.170093,0.169947,0.174590,0.173487,0.172568,0.176932,0.171927,0.180831,0.174383,0.172081,0.175023,0.177219,0.171233,0.172205,0.186562,0.177049,0.172833,0.174441,0.177131,0.174277,0.178360,0.166319,0.176668,0.175292,0.174051,0.176020,0.174562,0.174502,0.178657,0.172537,0.170458,0.178573,0.172262,0.174627,0.174628,0.173438,0.173647,0.173793,0.179492,0.177658,0.178861,0.171011,0.179487,0.176270,0.172314,0.173471,0.175905,0.176237,0.169073,0.172178,0.172492,0.181272,0.172579,0.179589,0.170317,0.177139,0.172561,0.177100,0.175156,0.171309,0.176789,0.168700,0.172622,0.167813,0.177488,0.174865,0.176155,0.168754,0.172622,0.180312,0.174005,0.173850,0.176597,0.176674,0.178261,0.171842,0.175339,0.170604,0.178601,0.177807,0.171313,0.174749,0.167085,0.176769,0.173605,start6144
0.213528,0.216420,0.218392,0.214879,0.211546,0.218704,0.219999,0.217063,0.219294,0.216917,0.214124,0.219879,0.222239,0.217234,0.222951,0.217347,0.211095,0.221036,0.222070,0.214655,0.211265,0.214410,0.215983,0.214555,0.219009,0.218425,0.220128,0.215492,0.217382,0.218854,0.218383,0.213838,0.216553,0.221104,0.212261,0.217135,0.216443,0.212726,0.215570,0.216400,0.214623,0.221794,0.217405,0.221835,0.215411,0.224154,0.215634,0.219224,0.208631,0.220001,0.218623,0.222471,0.219649,0.220529,0.221001,0.213333,0.219679,0.213011,0.217360,0.220371,0.217007,0.218479,0.218964,0.218771,0.216952,0.221838,0.216905,0.216527,0.221114,0.216731,0.214293,0.219377,0.216520,0.215635,0.217414,0.215680,0.217819,0.213647,0.220799,0.211953,0.220141,0.217577,0.216962,0.218207,0.214021,0.214521,0.218704,0.219224,0.216621,0.220212,0.219159,0.212610,0.220073,0.210100,0.220277,0.213735,0.219667,0.215933,0.218001,0.213470,start7168
0.264142,0.260951,0.264015,0.266908,0.271721,0.264431,0.261621,0.262072,0.264730,0.261834,0.268034,0.264422,0.264236,0.258533,0.266270,0.274784,0.263739,0.263675,0.260321,0.261770,0.263766,0.268180,0.266207,0.263687,0.265375,0.269513,0.262964,0.263634,0.272257,0.271470,0.263846,0.264396,0.265098,0.266874,0.265423,0.263643,0.266152,0.260473,0.266148,0.262866,0.263557,0.261917,0.266865,0.268543,0.267013,0.269895,0.266592,0.274583,0.273606,0.269271,0.272693,0.264585,0.264020,0.266503,0.265173,0.266603,0.267008,0.263333,0.272764,0.264210,0.266500,0.269409,0.269336,0.274739,0.263660,0.269617,0.265061,0.261388,0.266404,0.268677,0.269681,0.262798,0.266706,0.265570,0.265905,0.263385,0.260126,0.270605,0.269347,0.266904,0.261997,0.262246,0.268433,0.271306,0.276624,0.271099,0.262928,0.262776,0.268036,0.264001,0.264696,0.268239,0.264042,0.266452,0.262794,0.265641,0.263790,0.258348,0.265126,0.265228,start8192
0.305862,0.301060,0.306364,0.301689,0.306690,0.303709,0.304742,0.300376,0.309010,0.300719,0.302978,0.303638,0.303890,0.302467,0.307113,0.320954,0.305129,0.306358,0.301883,0.306862,0.304297,0.305562,0.300923,0.298852,0.309438,0.307657,0.300826,0.303712,0.302576,0.308781,0.301757,0.303631,0.305786,0.302264,0.301189,0.300452,0.303695,0.303022,0.309246,0.301165,0.311602,0.302634,0.295996,0.302547,0.307303,0.303509,0.307265,0.301544,0.301772,0.303337,0.300834,0.303522,0.309221,0.306809,0.302449,0.301431,0.303667,0.305584,0.303218,0.303137,0.301083,0.304919,0.306756,0.304998,0.299181,0.302644,0.298644,0.301848,0.299653,0.302866,0.304836,0.303885,0.309352,0.302638,0.303470,0.302057,0.302315,0.300668,0.304277,0.303295,0.302831,0.306764,0.298995,0.299756,0.302849,0.303825,0.303012,0.306407,0.296111,0.299812,0.302511,0.301800,0.300688,0.296652,0.300466,0.303300,0.297682,0.301384,0.304507,0.302463,start9216
0.356832,0.356633,0.355239,0.355399,0.353991,0.359818,0.357080,0.353889,0.362427,0.361991,0.355882,0.353011,0.359707,0.353740,0.361666,0.362915,0.357306,0.362449,0.368406,0.354912,0.359412,0.363627,0.362464,0.363839,0.360706,0.360067,0.355841,0.354323,0.355830,0.358113,0.360587,0.356700,0.354300,0.359819,0.362921,0.358443,0.362244,0.357767,0.361750,0.353542,0.362246,0.355428,0.353715,0.359601,0.358578,0.359218,0.359229,0.360112,0.356220,0.360606,0.356975,0.360974,0.356990,0.362532,0.365166,0.358240,0.360153,0.377264,0.355572,0.358918,0.356969,0.361081,0.370215,0.359241,0.362369,0.359856,0.358637,0.355703,0.358756,0.357239,0.356878,0.356807,0.350594,0.358025,0.359966,0.360055,0.359357,0.360201,0.372415,0.358155,0.359573,0.359788,0.355888,0.359377,0.354987,0.359622,0.361933,0.363021,0.361288,0.357354,0.359744,0.362303,0.358352,0.359037,0.357907,0.369157,0.361361,0.358214,0.361555,0.357450,start10240
0.417362,0.406917,0.414469,0.409020,0.414217,0.410152,0.412152,0.407731,0.418838,0.411582,0.407757,0.409481,0.413064,0.414697,0.403815,0.420705,0.410005,0.408666,0.422467,0.411070,0.413004,0.409767,0.408337,0.417149,0.406225,0.408583,0.415725,0.417782,0.410983,0.411580,0.409215,0.409379,0.412642,0.409110,0.419306,0.412678,0.415360,0.409122,0.411132,0.410735,0.405600,0.432455,0.418805,0.413589,0.426613,0.415263,0.415012,0.408001,0.409189,0.417232,0.428395,0.406325,0.416759,0.410473,0.417885,0.413909,0.416861,0.416941,0.413026,0.416171,0.413985,0.414643,0.408696,0.414892,0.411795,0.413852,0.413336,0.414207,0.412760,0.410071,0.407500,0.413983,0.411900,0.415436,0.415731,0.409651,0.409944,0.410318,0.417525,0.411064,0.409350,0.407010,0.409050,0.408575,0.414989,0.411458,0.418211,0.411985,0.416097,0.416691,0.410211,0.417996,0.404189,0.412936,0.411282,0.407410,0.410735,0.415806,0.418699,0.419187,
